3

565	565

8

8

155.76506822728558	385.60801764934996	129.16136235858198	77.42253424238181	
25.458144953405593	546.0818783868932	85.8827394080311	116.43783219920063	
5.024276160993786	212.337230431681	71.63625617490825	139.5941180340837	
22.729311235142845	343.6730335214981	78.47618562938635	127.4271923361089	
459.3496353789526	256.10884049815945	73.18956220126447	136.63150453750404	
382.64753581776574	104.88832127831955	110.22177539391566	90.72617424516652	
155.97415568068553	525.8919669899894	110.15259960430211	90.78315024722704	
156.34028865613644	198.57509343053994	128.40701171663903	77.87736718044188	

-1.0	-1.0	137.83686949719538	72.54952928398794	
-1.0	-1.0	121.29251154049784	82.44532059723359	
-1.0	-1.0	77.95832086449353	128.27367097069614	
-1.0	-1.0	136.5818256799451	73.21618341398656	
-1.0	-1.0	111.27607141016598	89.86658023843945	
-1.0	-1.0	141.0705404594779	70.88652221384571	
-1.0	-1.0	118.84981693728629	84.13980145444161	
-1.0	-1.0	105.9825843622696	94.35512504411108	

155.76506822728558	327.4915202125161
25.458144953405593	522.2836372257252
76.66053233590205	141.78240416538097
22.729311235142845	248.6146991295672
503.89532739197193	119.47733596065541
382.64753581776574	81.25123556849707
185.48320082759588	525.8919669899894
284.7473003727755	195.0191125507672

0.0	0.2916775570944713	0.9786837973313037	0.7082782223761911	0.6417294487068297	0.44553859753522773	0.6117549347696477	0.8507590186953445	
0.2916775570944713	0.0	0.2668807570922199	0.804260406307511	0.7403202949555634	0.07149601925288718	0.857389338288436	0.982999281099079	
0.9786837973313037	0.2668807570922199	0.0	0.5346019229390147	0.7868076590793586	0.3476562584703823	0.31379507804812423	0.7056531456183027	
0.7082782223761911	0.804260406307511	0.5346019229390147	0.0	0.5766413258311879	0.5886049082485937	0.39790671711336345	0.7698398637065423	
0.6417294487068297	0.7403202949555634	0.7868076590793586	0.5766413258311879	0.0	0.06613707263475987	0.208839227632014	0.40640571082443067	
0.44553859753522773	0.07149601925288718	0.3476562584703823	0.5886049082485937	0.06613707263475987	0.0	0.5302503776703753	0.621323608774065	
0.6117549347696477	0.857389338288436	0.31379507804812423	0.39790671711336345	0.208839227632014	0.5302503776703753	0.0	0.8913003248054828	
0.8507590186953445	0.982999281099079	0.7056531456183027	0.7698398637065423	0.40640571082443067	0.621323608774065	0.8913003248054828	0.0	

0.4572834410793696	0.5430144532493305	0.5798450651246495	0.6595252189317173	0.15956307695537264	0.19417842415104036	0.966319786444751	0.2382720879370629	
0.9867026596451587	0.050396954242279746	0.8029124697025708	0.2515409917620133	0.9976445433999268	0.20613428772821152	0.8084085382783563	0.6263447849577443	
0.9646723593245878	0.37100671651694117	0.9393298780069693	0.8864425860214294	0.0653108099090356	0.2199486755872927	0.5198060207232439	0.6967985074591257	
0.8018300901768807	0.3103465733973474	0.3410699057285548	0.4573841581843201	0.422677892408996	0.6356293306327752	0.9174984631820251	0.08856773343076996	
0.9219190470282237	0.5693741399943893	0.4660007020083453	0.538027324525629	0.9007709057258586	0.2948066693315692	0.46168928451042957	0.08307165846108877	
0.18958069020039092	0.8116453350272664	0.8151542850664824	0.20244628040028623	0.149098167883166	0.2655591337126618	0.8152901994960506	0.6481492327127846	
0.9966555887322235	0.6550793878559277	0.9865109042237197	0.3604750733626192	0.33587411257327027	0.9366256824778695	0.9203191651188586	0.03845143240936244	
0.30777385210183306	0.170376661807776	0.958580787804195	0.5030279449078561	0.4266725862890022	0.6280368435765695	0.3294861852180305	0.4718223232273724	

0.0	0.7181206435083596	0.9670644166159699	0.001923942465157591	0.21729118645575696	0.175195366892395	0.781248517455576	0.6512002829992319	
0.7181206435083596	0.0	0.5878727942566533	0.3587473944270907	0.5466086864373451	0.19343789194419392	0.2566162639484034	0.15157032272309856	
0.9670644166159699	0.5878727942566533	0.0	0.04727509966769128	0.36521615160160936	0.9801087810079476	0.005989658491309391	0.9414990595491571	
0.001923942465157591	0.3587473944270907	0.04727509966769128	0.0	0.5856032931302573	0.26117746550672416	0.2843095309314343	0.5587833626951787	
0.21729118645575696	0.5466086864373451	0.36521615160160936	0.5856032931302573	0.0	0.23943049332826272	0.7828017177242844	0.7097440843996837	
0.175195366892395	0.19343789194419392	0.9801087810079476	0.26117746550672416	0.23943049332826272	0.0	0.995597294112634	0.3116960682289208	
0.781248517455576	0.2566162639484034	0.005989658491309391	0.2843095309314343	0.7828017177242844	0.995597294112634	0.0	0.24812557117451217	
0.6512002829992319	0.15157032272309856	0.9414990595491571	0.5587833626951787	0.7097440843996837	0.3116960682289208	0.24812557117451217	0.0	

418.9697221296761	410.871642777503	133.68642436438367	74.80191087124453	
10.719850920944296	500.2930250007588	124.31465465766708	80.44103913201236	
256.3575766169147	461.9912772162783	85.96891382032793	116.32111603619485	
424.2524431908103	495.30480785666265	131.34354429765122	76.13621250647815	
45.77329275512017	231.40173829335794	87.13776442595464	114.76080509843129	
267.504898641267	557.5531061514641	133.38485936294364	74.97102780451073	
63.33602908524068	106.01038955136357	125.06330179158245	79.95950735944078	
429.99890994386794	335.41572343180826	96.28853731145676	103.85452182801164	

-1.0	-1.0	129.70875323646143	77.09579924625301	
-1.0	-1.0	72.86557436528264	137.23901975806803	
-1.0	-1.0	127.90344402483775	78.18397757966615	
-1.0	-1.0	112.95396830389743	88.53163948251435	
-1.0	-1.0	110.12800375708628	90.80342563965291	
-1.0	-1.0	100.42201074822684	99.57976269835416	
-1.0	-1.0	133.2886038563629	75.02516877419166	
-1.0	-1.0	136.6103214373766	73.20091113748012	

552.6561464940597	351.05685412742935
10.719850920944296	447.7769014902281
260.5967981305014	461.9912772162783
512.2977962798959	495.30480785666265
132.9110571810748	150.64543967644545
317.7893936337855	482.5820783469534
188.39933087682311	35.65547281875706
429.99890994386794	238.13552619431323

0.0	0.8822985852483082	0.5466211101815834	0.09224490279364916	0.24643547976806823	0.3409442572666245	0.3907686848082855	0.24759639423958435	
0.8822985852483082	0.0	0.07202496286206228	0.9426652694110798	0.805134180616196	0.619525447025336	0.6531524965257586	0.7390180613727714	
0.5466211101815834	0.07202496286206228	0.0	0.13364566945165157	0.570713099324249	0.6985933119114272	0.6755158753023012	0.32181812298433954	
0.09224490279364916	0.9426652694110798	0.13364566945165157	0.0	0.5711213916772838	0.7380048967997118	0.13257145587314512	0.7100893879755183	
0.24643547976806823	0.805134180616196	0.570713099324249	0.5711213916772838	0.0	0.03000766393384835	0.23834279685260829	0.3505075204079344	
0.3409442572666245	0.619525447025336	0.6985933119114272	0.7380048967997118	0.03000766393384835	0.0	0.5807106604811957	0.4876585104381874	
0.3907686848082855	0.6531524965257586	0.6755158753023012	0.13257145587314512	0.23834279685260829	0.5807106604811957	0.0	0.10808957289937327	
0.24759639423958435	0.7390180613727714	0.32181812298433954	0.7100893879755183	0.3505075204079344	0.4876585104381874	0.10808957289937327	0.0	

0.8012675048652836	0.8604116012676716	0.6484772144677823	0.13400386508775086	0.7181131537537034	0.7753227001638427	0.7551009433728652	0.6764035601256214	
0.6681256178278989	0.3236043091186398	0.3665934060115521	0.1427857330657546	0.055716658263621266	0.7111523250417229	0.8994443831675945	0.7463930134720435	
0.40684183761713744	0.056333732026940364	0.30073995001288145	0.20645912634923924	0.7272869220839332	0.6604532304205882	0.7788228891718353	0.3955392348173168	
0.5757721228591003	0.26819173033765076	0.8096382673846587	0.6881925484146255	0.24045473675655948	0.8845759459630923	0.2980674702403343	0.35345479305423533	
0.6154181887909309	0.055857963698878854	0.059686171459445436	0.8774833735234207	0.9879935520122433	0.5187545982582845	0.9807650542470037	0.8029542335205746	
0.9682671006145596	0.7758158096500325	0.3129646204520825	0.5282332384103858	0.21888586113342479	0.4642627386937265	0.5640583703617232	0.5220419004776474	
0.47627991530525504	0.3514555125907972	0.35715128176438937	0.5782810875779342	0.5936793852967419	0.4122216318566483	0.4482435021931356	0.06087280027127462	
0.9818104715245906	0.7215958513732541	0.8156220459657896	0.569924788841485	0.8749137858783831	0.8310929949237986	0.3644456852497888	0.09821804953131408	

0.0	0.8874553790662825	0.3260216916136385	0.5409630739608168	0.5533995315004815	0.999886707009976	0.8736551924959782	0.37196571143312007	
0.8874553790662825	0.0	0.8255852485290219	0.4057884006271817	0.46113013308951867	0.41911550128663644	0.5604043657423811	0.8281888549497152	
0.3260216916136385	0.8255852485290219	0.0	0.09606255769644612	0.6716088894371842	0.1815270619830176	0.034366824534549756	0.8833114240512121	
0.5409630739608168	0.4057884006271817	0.09606255769644612	0.0	0.2383713192817586	0.13464553163059434	0.10316039456709691	0.943903729428526	
0.5533995315004815	0.46113013308951867	0.6716088894371842	0.2383713192817586	0.0	0.9171532306429141	0.7296349735511525	0.5786385296775236	
0.999886707009976	0.41911550128663644	0.1815270619830176	0.13464553163059434	0.9171532306429141	0.0	0.6369264071763491	0.9869389110236229	
0.8736551924959782	0.5604043657423811	0.034366824534549756	0.10316039456709691	0.7296349735511525	0.6369264071763491	0.0	0.6588494615142105	
0.37196571143312007	0.8281888549497152	0.8833114240512121	0.943903729428526	0.5786385296775236	0.9869389110236229	0.6588494615142105	0.0	

198.5878279076666	327.7886758368043	84.63021026722302	118.16111490713104	
55.35502011109696	170.35709731653134	138.1803639651285	72.36918266131954	
73.0438161744967	325.78558938073263	87.80741622950127	113.88559679131329	
292.95283043086	96.0057141525404	135.10682724352793	74.01550464933321	
428.63394879137473	204.12730601293248	131.2950280479507	76.16434642405397	
431.49284236355527	297.1167014686521	132.47939598568706	75.48343593807138	
199.59122036792647	149.71708227637845	86.24775780803523	115.94504314254016	
297.4348023240738	281.4046964243937	129.6136774167492	77.15235150567342	

-1.0	-1.0	126.30184779288463	79.17540538598013	
-1.0	-1.0	130.3464614588856	76.71861505158112	
-1.0	-1.0	118.74056603377815	84.21721686214043	
-1.0	-1.0	124.2898648080702	80.45708325004706	
-1.0	-1.0	118.76399228685915	84.20060497668591	
-1.0	-1.0	97.5676441394927	102.49299435479836	
-1.0	-1.0	110.9938447485399	90.09508610730009	
-1.0	-1.0	96.87113642900464	103.22992346981339	

229.4674768202494	327.7886758368043
89.30897229541897	170.35709731653134
73.0438161744967	254.60817794858343
292.95283043086	88.29263902148267
559.9289768393254	136.23494784774948
431.49284236355527	235.1713010686678
199.59122036792647	69.9101872695328
427.04847974082304	237.36279529236316

0.0	0.03665302338303722	0.8957518721627253	0.5519590188091634	0.8954297735318797	0.06759199701421348	0.6066497520857178	0.6656393038099179	
0.03665302338303722	0.0	0.6312253521974683	0.7645908208328375	0.3192892497319304	0.532103596928165	0.3978240642664622	0.030414660263361815	
0.8957518721627253	0.6312253521974683	0.0	0.3150159493384387	0.8655821726050973	0.44744831986914635	0.09463258745140102	0.13441277875292945	
0.5519590188091634	0.7645908208328375	0.3150159493384387	0.0	0.32354977637217786	0.5510861313047605	0.7930517458096299	0.8442650238361525	
0.8954297735318797	0.3192892497319304	0.8655821726050973	0.32354977637217786	0.0	0.7735006795340328	0.7158004503445974	0.26394865736890494	
0.06759199701421348	0.532103596928165	0.44744831986914635	0.5510861313047605	0.7735006795340328	0.0	0.5323902966381999	0.6686752574021027	
0.6066497520857178	0.3978240642664622	0.09463258745140102	0.7930517458096299	0.7158004503445974	0.5323902966381999	0.0	0.6085179322437617	
0.6656393038099179	0.030414660263361815	0.13441277875292945	0.8442650238361525	0.26394865736890494	0.6686752574021027	0.6085179322437617	0.0	

0.1210229185633549	0.41299300563411234	0.7262573721940042	0.8930274085465463	0.8120732517437494	0.34657540477241877	0.38978124342046105	0.8843362667769036	
0.24344183992614998	0.5730791607967654	0.46128977836569884	0.9613841221252011	0.8614146356453126	0.7662424345583274	0.8268656627027288	0.14437838129574354	
0.64172359977673	0.009007841275401995	0.6350327436750706	0.7634431772659475	0.43932334530927686	0.3858092583080718	0.678406825412102	0.9955953637319964	
0.9669568242650793	0.29740519623123307	0.3619754288324655	0.7677759831982792	0.31159795709361104	0.2181376146485735	0.7359422468666668	0.7248204354126483	
0.5121172807615306	0.6125664522657899	0.2634549048341144	0.6614452717389259	0.7420246046243354	0.38174860120453646	0.09216745204968924	0.6737758348373851	
0.06789976065754999	0.5190022343071702	0.6034718237151514	0.29863339462374583	0.5871312754354968	0.6208165708326153	0.9243651877608202	0.0777462046472015	
0.9878398673169222	0.520637587306547	0.904303344798756	0.30924403591371186	0.21937209366343557	0.591581324823953	0.7830224372942626	0.23024116165421904	
0.013506453061722934	0.19869522726859923	0.4051947839634461	0.512008064267263	0.4545232435132047	0.3722100887579046	0.3739169156448292	0.7431774636632513	

0.0	0.020293957818364072	0.9774110548444928	0.5266252370732284	0.9090714021787591	0.9031404176883501	0.07195386270076676	0.9221128892733174	
0.020293957818364072	0.0	0.3589292279304489	0.2294726227976296	0.46337622517607047	0.31493522577277144	0.655034641060919	0.5260621922355739	
0.9774110548444928	0.3589292279304489	0.0	0.9474113119775351	0.7563878496283288	0.3506814968074301	0.9962383508158756	0.4314272242041288	
0.5266252370732284	0.2294726227976296	0.9474113119775351	0.0	0.8877009808141296	0.33996338649107904	0.7025976475557161	0.9695716992149136	
0.9090714021787591	0.46337622517607047	0.7563878496283288	0.8877009808141296	0.0	0.43144160815667476	0.9387500280980569	0.9575726415750132	
0.9031404176883501	0.31493522577277144	0.3506814968074301	0.33996338649107904	0.43144160815667476	0.0	0.9237459266612064	0.6916789681458911	
0.07195386270076676	0.655034641060919	0.9962383508158756	0.7025976475557161	0.9387500280980569	0.9237459266612064	0.0	0.4230090455372284	
0.9221128892733174	0.5260621922355739	0.4314272242041288	0.9695716992149136	0.9575726415750132	0.6916789681458911	0.4230090455372284	0.0	

59.73065156798194	485.57284895111576	97.5581275456645	102.50299233469043	
293.634926986271	557.6245013872389	141.38772266753674	70.72749890394864	
157.4032859718446	367.2134559846428	134.90882315730215	74.12413633124731	
462.9544813706756	482.2275943380454	90.02279308786329	111.0829786212019	
181.14517866110714	479.08308038924304	104.9230343805618	95.3079565324944	
335.4226479934116	414.965974360196	85.69341045803098	116.69508713155463	
157.7742218936912	557.6033962202916	133.0027787350396	75.18639907457435	
300.389453181161	280.81057941668485	117.42167581545249	85.163151782271	

-1.0	-1.0	128.32680426909891	77.9260424737936	
-1.0	-1.0	123.60234332238143	80.90461500327591	
-1.0	-1.0	128.74082001331652	77.67544123896083	
-1.0	-1.0	82.54236740142801	121.14990537364932	
-1.0	-1.0	96.32931475505386	103.81055886702813	
-1.0	-1.0	125.01308146233127	79.99162874017455	
-1.0	-1.0	120.67134214511876	82.86971721897358	
-1.0	-1.0	128.0037231946113	78.1227276084496	

59.73065156798194	462.13195422553883
334.7919758683578	486.8970024832903
157.4032859718446	293.48122978054073
471.678749666807	371.1446157168435
201.710477462239	383.7751238567486
335.4226479934116	361.76738590481443
157.7742218936912	498.14043264314046
328.0634673333049	195.64742763441382

0.0	0.1283069038191731	0.44561581698193375	0.4502993604046024	0.15094733619501532	0.29381301426616613	0.7104626091602708	0.13552826286192132	
0.1283069038191731	0.0	0.7693428725248657	0.5600607521077408	0.025968068335408323	0.386380139288761	0.32113492767341134	0.654922419570194	
0.44561581698193375	0.7693428725248657	0.0	0.8826014535162109	0.9546355022119565	0.8062318039549031	0.2325114790966173	0.6206556041691684	
0.4502993604046024	0.5600607521077408	0.8826014535162109	0.0	0.6336232369542151	0.8324289843567255	0.5167139131502784	0.3106535875245623	
0.15094733619501532	0.025968068335408323	0.9546355022119565	0.6336232369542151	0.0	0.3230832316834944	0.13418630785637675	0.8508624778576526	
0.29381301426616613	0.386380139288761	0.8062318039549031	0.8324289843567255	0.3230832316834944	0.0	0.04881985472274242	0.022580662165732623	
0.7104626091602708	0.32113492767341134	0.2325114790966173	0.5167139131502784	0.13418630785637675	0.04881985472274242	0.0	0.3430452316326279	
0.13552826286192132	0.654922419570194	0.6206556041691684	0.3106535875245623	0.8508624778576526	0.022580662165732623	0.3430452316326279	0.0	

0.9532682277718637	0.15094018450770041	0.13185543207491868	0.45015560899877893	0.2872244430341686	0.6952287346339536	0.5713764038294836	0.9814052072836733	
0.6505639346683232	0.7397275610730367	0.5888829102983167	0.22543818667913706	0.7053955301667314	0.43673701433942	0.04615119267350409	0.20493297998930515	
0.8388701905215511	0.0489448907770359	0.6575702926988553	0.49763067394324434	0.5688096559008863	0.38712367167365636	0.3903676588156535	0.27492559648941783	
0.32510272332239865	0.6687687376160826	0.6735400891876765	0.540160045994528	0.4427151589713697	0.3271278210851797	0.39830838395348067	0.778201677465352	
0.22266710107015963	0.9533907634796954	0.7915477297588097	0.08432684967420823	0.34408944313945566	0.8643800168636753	0.24852717738724495	0.8531295164124904	
0.743478489528878	0.753902252440599	0.12242626057410855	0.2771193493366295	0.31652632404934133	0.507991799515602	0.28547764359630656	0.2298692091575829	
0.4434116810226508	0.5425968593700018	2.191871645050858E-4	0.5900165596252256	0.3901941759935774	0.9568297564584274	0.2692204895974759	0.7001192976341121	
0.09696261685412177	0.38572327717715715	0.3677824125916087	0.4483112792342262	0.7276458795169625	0.6835044520907047	0.7064905366931605	0.41089889485184594	

0.0	0.4717186862325472	0.5191366691738103	0.6004842732688331	0.006262438780958113	0.1461062698517125	0.1264048966807565	0.6268970067800741	
0.4717186862325472	0.0	0.686851890809823	0.49716114297206915	0.33811085983611366	0.2097189162086397	0.41409367201189573	0.8559195635952526	
0.5191366691738103	0.686851890809823	0.0	0.19918290377115544	0.2779978830530744	0.6097421299961359	0.565533947069002	0.48196630069564916	
0.6004842732688331	0.49716114297206915	0.19918290377115544	0.0	0.7205009878741072	0.5390545333107272	0.47686894413782543	0.30046794977965285	
0.006262438780958113	0.33811085983611366	0.2779978830530744	0.7205009878741072	0.0	0.6910483387482689	0.6314931782986362	0.600215470608403	
0.1461062698517125	0.2097189162086397	0.6097421299961359	0.5390545333107272	0.6910483387482689	0.0	0.7981848813177177	0.6865124468510757	
0.1264048966807565	0.41409367201189573	0.565533947069002	0.47686894413782543	0.6314931782986362	0.7981848813177177	0.0	0.9900817582352957	
0.6268970067800741	0.8559195635952526	0.48196630069564916	0.30046794977965285	0.600215470608403	0.6865124468510757	0.9900817582352957	0.0	

145.00429649284337	254.19408326224573	111.63723542509469	89.57584771713293	
30.119846219034457	326.4593438705645	92.3111105847842	108.32932175391157	
30.273364551612453	151.73033897991576	114.07666633772195	87.66034563453299	
277.95429771559213	249.23317529949463	132.61480687056576	75.40636099376268	
452.3468759548124	147.16444877808738	81.93426670722467	122.04905715130097	
266.63282589274166	143.77040180094707	88.33968910798066	113.19940222765165	
123.21793760561175	559.9740557375461	139.59547620003016	71.63555920444533	
286.4104934958648	518.3391962937689	112.63786766930369	88.78008974174874	

-1.0	-1.0	83.34527236720015	119.9828102539793	
-1.0	-1.0	109.89702288655594	90.99427570774833	
-1.0	-1.0	106.42428612609713	93.96351494574716	
-1.0	-1.0	87.82472601674519	113.86315054479464	
-1.0	-1.0	120.8577636224133	82.74189179308529	
-1.0	-1.0	83.12860261971404	120.29553829680867	
-1.0	-1.0	121.01633721637474	82.63347106697012	
-1.0	-1.0	124.18072349650072	80.5277962507747	

249.97653671935814	254.19408326224573
122.43095680381867	233.1921436100106
30.273364551612453	87.52138180838193
277.95429771559213	227.583095276258
501.6584014069239	147.16444877808738
335.1152376470949	30.570999573295467
262.8134138056419	554.2233585479859
399.04836116516844	515.3141688242904

0.0	0.38393983987678215	0.5209683503664094	0.07916344364762662	0.9861202523387779	0.22650701093663272	0.7335475795802352	0.08980959603573246	
0.38393983987678215	0.0	0.8513845884792446	0.5127182703970797	0.6155449978259718	0.39860426556727213	0.023000059881084445	0.7926143367891026	
0.5209683503664094	0.8513845884792446	0.0	0.6242322028614452	0.6509859926442814	0.3980210791413743	0.2883768680877874	0.3660104374359473	
0.07916344364762662	0.5127182703970797	0.6242322028614452	0.0	0.18977350501027823	0.9883986375388383	0.11723935150564879	0.219010698721383	
0.9861202523387779	0.6155449978259718	0.6509859926442814	0.18977350501027823	0.0	0.11691550925051208	0.9431724280445103	0.8823628163660887	
0.22650701093663272	0.39860426556727213	0.3980210791413743	0.9883986375388383	0.11691550925051208	0.0	0.9218041871909645	0.6004577143357499	
0.7335475795802352	0.023000059881084445	0.2883768680877874	0.11723935150564879	0.9431724280445103	0.9218041871909645	0.0	0.11250804440600304	
0.08980959603573246	0.7926143367891026	0.3660104374359473	0.219010698721383	0.8823628163660887	0.6004577143357499	0.11250804440600304	0.0	

0.2745660177183734	0.26916750362129427	0.7543395553164969	0.9595705737962877	0.8239494842202127	0.31996693253632036	0.15561648179091014	0.36764542917307175	
0.4066831613764216	0.47749236381103966	0.726754974736371	0.06697061719021702	0.42807627831490835	0.2711865725454041	0.9590198472639914	0.8842780651111737	
0.8415225447163012	0.18611814408481153	0.694012330860611	0.0719631949937527	0.8198500488273973	0.24799941660469804	0.1336872845614686	0.44170442413145306	
0.7886754060677729	0.34961066437493893	0.6985350538647607	0.8566307277547602	0.9906160448701423	0.3139005648503779	0.12787939242466584	0.9625611872025621	
0.17597203111921644	0.9986031151421345	0.22112540431871996	0.0515351912980303	0.8484969475153684	0.7130309808245321	0.529924900254784	0.11979802985651422	
0.734134852394313	0.8397765158603873	0.12860878639851336	0.5076009613771654	0.7861085403832767	0.8323710190205991	0.31386910141866164	0.9896212369200821	
0.09150193326790346	0.6945240042297153	0.7145565494229209	0.8225019509297358	0.5024867863091248	0.6373836344971539	0.8285913535752042	0.04995733499574684	
0.6796029252352103	0.8583307416854661	0.4463687787646148	0.31608460291829843	0.5050075214974943	0.2881384808460904	0.7686732979463811	0.5439680393165326	

0.0	0.7129001665156972	0.28199798486428496	0.09935750080245531	0.9670801909136129	0.8929483449451152	0.6152986634204366	0.47814754710345275	
0.7129001665156972	0.0	0.6695953925630709	0.1315794203948668	0.8673966500555376	0.6065489385160844	0.2854661211466972	0.7745338242271926	
0.28199798486428496	0.6695953925630709	0.0	0.40997642868420503	0.5865164792088084	0.5298533831603912	0.9777963311811048	0.34656485024752703	
0.09935750080245531	0.1315794203948668	0.40997642868420503	0.0	0.3865698725802811	0.11831269946557943	0.4532145350831476	0.11811098434436007	
0.9670801909136129	0.8673966500555376	0.5865164792088084	0.3865698725802811	0.0	0.0559135399968409	0.2387898434739012	0.25521502071091384	
0.8929483449451152	0.6065489385160844	0.5298533831603912	0.11831269946557943	0.0559135399968409	0.0	0.49301253520294774	0.13007102886772737	
0.6152986634204366	0.2854661211466972	0.9777963311811048	0.4532145350831476	0.2387898434739012	0.49301253520294774	0.0	0.7867729588721263	
0.47814754710345275	0.7745338242271926	0.34656485024752703	0.11811098434436007	0.25521502071091384	0.13007102886772737	0.7867729588721263	0.0	

430.2905957067961	204.2217006608493	88.09817623476728	113.50972775363283	
121.81759065373114	473.9802569392374	122.59351027606755	81.57038637266413	
294.3110001445757	553.7661934283593	127.52280523730343	78.41734646121762	
311.3539655592451	375.5917370136349	95.00889340282077	105.25330463119681	
296.8243242702041	75.8660129071543	133.24075271925668	75.05211278016704	
270.76364389489953	199.58513336216362	84.54059150567474	118.28637370403015	
317.08272382904994	472.8063798169435	135.67104063485579	73.70769733324254	
444.47909826003985	90.24020830974013	110.93274089253357	90.14471218814948	

-1.0	-1.0	97.06816544493486	103.02038731403482	
-1.0	-1.0	139.88286096166507	71.48838629158794	
-1.0	-1.0	95.85795456353603	104.32102422310562	
-1.0	-1.0	100.81548213572343	99.19111418360765	
-1.0	-1.0	136.71780379299477	73.14336335552214	
-1.0	-1.0	90.53864509961511	110.45007343546509	
-1.0	-1.0	128.65039732088783	77.73003588210752	
-1.0	-1.0	120.6988145166785	82.85085516410082	

442.7856591425986	204.2217006608493
244.4111009297987	393.2145233071061
336.1723243551602	553.7661934283593
406.3628589620659	276.4638119737132
391.40168862637194	75.8660129071543
284.7819624348251	81.29875965813346
452.7537644639057	467.0017172027167
444.47909826003985	12.094298336495513

0.0	0.8728867577073102	0.4178567078346521	0.19001180049027344	0.6233835283585675	0.40062323516485643	0.19144663741124912	0.7627092033791429	
0.8728867577073102	0.0	0.7287773270268144	0.9567747475795646	0.4311587033840172	0.2123790688670676	0.10902120269023219	0.05816734687959324	
0.4178567078346521	0.7287773270268144	0.0	0.2038459437220972	0.8582929097538431	0.8375673343876715	0.25469628285830337	0.10353612778269028	
0.19001180049027344	0.9567747475795646	0.2038459437220972	0.0	0.011880483243173923	0.2952463520863854	0.5122605669462742	0.7381528985666933	
0.6233835283585675	0.4311587033840172	0.8582929097538431	0.011880483243173923	0.0	0.4571503858539149	0.865446443031803	0.6200984824211392	
0.40062323516485643	0.2123790688670676	0.8375673343876715	0.2952463520863854	0.4571503858539149	0.0	0.6569145787345759	0.42006477933203445	
0.19144663741124912	0.10902120269023219	0.25469628285830337	0.5122605669462742	0.865446443031803	0.6569145787345759	0.0	0.9330081397429254	
0.7627092033791429	0.05816734687959324	0.10353612778269028	0.7381528985666933	0.6200984824211392	0.42006477933203445	0.9330081397429254	0.0	

0.2593559781885013	0.8032633235801324	0.17401612915170084	0.6921319975466754	0.5620919082335027	0.11825053951174658	0.9695457541599312	0.3996430577164055	
0.6887302622687774	0.019247231883061544	0.8727716599088332	0.048642080690581624	0.9087298598758301	0.17990043578339776	0.16180254136507544	0.05907345463156988	
0.7878824691145094	0.7492027935925424	0.45571639700812583	0.7507807609789701	0.8870112677866151	0.8203118880096746	0.05546940255463706	0.30326472410927574	
0.4544178799993527	0.23956128696279888	0.8960614461805356	0.7142786792938242	0.020189718150253166	0.8730036680503354	0.8212924180784786	0.46298038408289355	
0.6334870134807369	0.4136461926655446	0.8035764996356265	0.7523047416114663	0.7231864414515629	0.43460895973592006	0.5486640718439659	0.5304168391846648	
0.20776690797866848	0.6717574108586126	0.6487539488788043	0.9725503305905524	0.5320796701838758	0.4539303534361778	0.07736172584481538	0.7422312946027102	
0.7666539166041716	0.789704908865839	0.35544196210373746	0.14483350696993902	0.769446039539459	0.8667103842818826	0.16064595181664165	0.23660524426448415	
0.6804488978201444	0.6228236912076617	0.5002283568977965	0.05875469111585574	0.6963351996497533	0.6081483751538913	0.8230000012767179	0.42887477222900916	

0.0	0.5725006463426792	0.6068560000377075	0.14093451412039892	0.4516591692960683	0.08519530295290645	0.02579162442494809	2.5910361061443066E-4	
0.5725006463426792	0.0	0.2739513192440921	0.8513657981773577	0.3297772047774441	0.9406576653306381	0.004138437207177326	0.6442186662682573	
0.6068560000377075	0.2739513192440921	0.0	0.628410258779842	0.197058019330127	0.1911417460208623	0.8882582332823551	0.9649733768768309	
0.14093451412039892	0.8513657981773577	0.628410258779842	0.0	0.09820005973014312	0.0708693677097757	0.4725854476452579	0.17271335883827432	
0.4516591692960683	0.3297772047774441	0.197058019330127	0.09820005973014312	0.0	0.16339655293588862	0.2459348631724807	0.47003239586695467	
0.08519530295290645	0.9406576653306381	0.1911417460208623	0.0708693677097757	0.16339655293588862	0.0	0.04599396800908084	0.27411599343101145	
0.02579162442494809	0.004138437207177326	0.8882582332823551	0.4725854476452579	0.2459348631724807	0.04599396800908084	0.0	0.6692149255788382	
2.5910361061443066E-4	0.6442186662682573	0.9649733768768309	0.17271335883827432	0.47003239586695467	0.27411599343101145	0.6692149255788382	0.0	

44.77267564899449	248.89554162514304	118.08601284530369	84.68403462059734	
62.782528323912445	481.41677130004945	86.61872914553304	115.44847284931222	
141.59811464376483	357.03985602358017	121.58300206510934	82.24833924272461	
469.61066899292064	157.46585514966932	73.85743291346122	135.39598663978754	
379.50611439226145	418.31263835857857	104.5191415759223	95.6762546000824	
305.00500599360714	259.73178296530693	116.91605718686405	85.53145085980147	
20.32091185828027	146.5711693503718	114.46919667562528	87.35974646818998	
263.96645339895684	462.1544017790858	108.56249335008332	92.11284386913287	

-1.0	-1.0	115.79694102346595	86.35806707513565	
-1.0	-1.0	85.86654749140813	116.45978896497041	
-1.0	-1.0	97.0513127048977	103.03827657032144	
-1.0	-1.0	123.50125143711173	80.9708394338993	
-1.0	-1.0	112.9041666819904	88.5706904703201	
-1.0	-1.0	93.66778821711364	106.76028750482381	
-1.0	-1.0	140.14009532967364	71.35716567393095	
-1.0	-1.0	136.13945599425517	73.45409107865086	

105.59581049718791	164.2115070045457
149.40125746944548	422.8983031218124
263.1811167088742	295.8080579617443
523.8049676662623	22.069868509881758
436.0302839128233	322.63638375849615
364.5539674569804	174.20033210550548
103.564135141955	146.5711693503718
272.927080677114	370.0415579099529

0.0	0.6226074506016546	0.06761652246792038	0.9823259594248095	0.7120888871712258	0.4570263600948742	0.03438851431717438	0.6705309771887102	
0.6226074506016546	0.0	0.9357225008621861	0.09998937617118353	0.1470981800127621	0.2351767637252442	0.940725254241777	0.3235096173069453	
0.06761652246792038	0.9357225008621861	0.0	0.2035842601772586	0.6948668658236206	0.9083200929060714	0.6250089500088344	0.5141586881540464	
0.9823259594248095	0.09998937617118353	0.2035842601772586	0.0	0.2551046648981211	0.5500663636296493	0.4606791389461312	0.4857931907800511	
0.7120888871712258	0.1470981800127621	0.6948668658236206	0.2551046648981211	0.0	0.1198078294570607	0.14948073402904782	0.884153115797844	
0.4570263600948742	0.2351767637252442	0.9083200929060714	0.5500663636296493	0.1198078294570607	0.0	0.6417339088696987	0.27686319999122944	
0.03438851431717438	0.940725254241777	0.6250089500088344	0.4606791389461312	0.14948073402904782	0.6417339088696987	0.0	0.1316938664460674	
0.6705309771887102	0.3235096173069453	0.5141586881540464	0.4857931907800511	0.884153115797844	0.27686319999122944	0.1316938664460674	0.0	

0.31625224167786237	0.7991131672814703	0.6453503146825648	0.9561622799616494	0.9307457701183854	0.21296484013356243	0.7669669240192762	0.08695228113290177	
0.22219090744687486	0.30710727060075205	0.26075643166309803	0.8395659863634064	0.04936753854891962	0.9188769493232789	0.05708502803346471	0.9918412646892626	
0.4028610012724728	0.33265343348708143	0.9385709927484289	0.2277609477747573	0.8507440543909811	0.4597811651298753	0.9691178750407857	0.948404219519492	
0.6615096346888821	0.8920387607121865	0.9271791771717371	0.35972000951101946	0.6578740107653895	0.7243163230149521	0.6782214741339881	0.5242870417062172	
0.09432721093880791	0.6642313901603062	0.2387358733098902	0.38941948814531	0.49681605380262484	0.22473458073245078	0.0077805656550611335	0.2854239946850372	
0.45470237325169305	0.7303262374557791	0.2719197367975409	0.025507623548828517	0.8131471466210184	0.45832584680134214	0.6255574544675806	0.5327826136697598	
0.5783290724727601	0.4837059731822776	0.3910472119386966	0.8700087561318416	0.11841358431974347	0.6993232202672897	0.47159144668962416	0.6541597046593965	
0.9199468183021924	0.04294860475515416	0.32482755925469775	0.10059430425493265	0.24235586021905597	0.17832051765417412	0.9061299047865116	0.3605602450160249	

0.0	0.7495129940301719	0.49804032316301894	0.39095185892394946	0.11668878102062052	0.8562334584699767	0.3158722376711437	0.3266896105199214	
0.7495129940301719	0.0	0.6594163347798927	0.21378385071782469	0.2662180087686289	0.24983532439758394	0.16680845910938613	0.005091181760235153	
0.49804032316301894	0.6594163347798927	0.0	0.9209665770714787	0.4330742857235186	0.015898790194882495	0.7419327295580173	0.6334599559332836	
0.39095185892394946	0.21378385071782469	0.9209665770714787	0.0	0.00984648277609268	0.2509747488852879	0.05211411822971623	0.7046639412352549	
0.11668878102062052	0.2662180087686289	0.4330742857235186	0.00984648277609268	0.0	0.7138398516148166	0.6584050526666749	0.4190039822731416	
0.8562334584699767	0.24983532439758394	0.015898790194882495	0.2509747488852879	0.7138398516148166	0.0	0.39406908912028027	0.8882439948463676	
0.3158722376711437	0.16680845910938613	0.7419327295580173	0.05211411822971623	0.6584050526666749	0.39406908912028027	0.0	0.11094210206073918	
0.3266896105199214	0.005091181760235153	0.6334599559332836	0.7046639412352549	0.4190039822731416	0.8882439948463676	0.11094210206073918	0.0	

398.78475899458294	279.9628478172151	124.62923423358663	80.23799601670886	
60.776814693736895	374.7592709503221	118.7606309703062	84.20298813080832	
236.1187894040429	290.36719330162964	119.50725252122216	83.67692996895059	
181.1694570324156	544.3390821377966	91.6007966812075	109.16935618805121	
276.0089168903636	154.25236058405017	73.96050784160752	135.20729226759528	
26.31811962549319	285.31472788844525	137.01879024072775	72.98269078592098	
275.2284358788291	470.34758068602423	109.67643695812785	91.1772872765532	
29.372453107411488	521.9622206124423	136.68263263936058	73.16218459433078	

-1.0	-1.0	98.28474094095797	101.7451936512428	
-1.0	-1.0	119.01284122370434	84.02454640338637	
-1.0	-1.0	94.69477027818343	105.60245270803391	
-1.0	-1.0	98.52100484198951	101.50119780079643	
-1.0	-1.0	131.80441609592424	75.86999203973734	
-1.0	-1.0	100.37508691651965	99.62631472804442	
-1.0	-1.0	82.7243888171989	120.88333492674822	
-1.0	-1.0	122.3828342742182	81.71080576213336	

398.78475899458294	202.65388932343603
179.5374456640431	313.14829709299784
348.3666808391329	206.69026333267902
181.1694570324156	467.1721066566803
349.9694247319711	83.1441440997761
81.47505331866532	285.31472788844525
275.2284358788291	441.1950134574473
103.64382557239118	521.9622206124423

0.0	0.8260570912371954	0.6165685746259087	0.43245633391428984	0.6460156584025325	0.7467909837041069	0.029495621818967477	0.6303516998344885	
0.8260570912371954	0.0	0.49442714150913747	0.4017974104637011	0.4179579520579759	0.0740481812813285	0.7392161679636748	0.38766339347749634	
0.6165685746259087	0.49442714150913747	0.0	0.4365770765486763	0.0014463143221282726	0.2246936470782701	0.27139097028518366	0.10881928656022732	
0.43245633391428984	0.4017974104637011	0.4365770765486763	0.0	0.6423254193241299	0.9563230094089007	0.43037483787781794	0.4107138428878634	
0.6460156584025325	0.4179579520579759	0.0014463143221282726	0.6423254193241299	0.0	0.5618297056373868	0.3079787648463287	0.4495250241007671	
0.7467909837041069	0.0740481812813285	0.2246936470782701	0.9563230094089007	0.5618297056373868	0.0	0.7995954973797086	0.39564878813087356	
0.029495621818967477	0.7392161679636748	0.27139097028518366	0.43037483787781794	0.3079787648463287	0.7995954973797086	0.0	0.7209506574462328	
0.6303516998344885	0.38766339347749634	0.10881928656022732	0.4107138428878634	0.4495250241007671	0.39564878813087356	0.7209506574462328	0.0	

0.2921614484582419	0.7253023521094856	0.08787178105998217	0.29856319918272134	0.561790034707861	0.9595004675959445	0.03601711351923875	0.7198754106958551	
0.25259778565161084	0.45664500761423976	0.43337575702439046	0.8924631604111514	0.329487860177463	0.9331822630267822	0.39542434270080296	0.44290168954312037	
0.24439103483750024	0.6570934926393545	0.29819768560435544	0.4769876588430556	0.21282395240244367	0.9132904840723624	0.9950616105342202	0.7171340514770488	
0.309208311371337	0.4667347605907721	0.9668251723448266	0.9885174297363292	0.986328172773177	0.3535110719724176	0.47004151970285946	0.8788364888645808	
0.26981022200474314	0.6084061175641912	0.47198069123284303	0.8779874598532191	0.9302699956867719	0.4721140358826049	0.7906393600529542	0.9416561528029733	
0.39377467880418726	0.21201016338965617	0.3942860099370331	0.21677246080248047	0.01553091528918904	0.9375050330039337	0.25742271545306594	0.6169680555055431	
0.6122136639703033	0.6943109097405435	0.5186772054691648	0.04262358783754694	0.8251106188354264	0.6815235850302723	0.9410221978618918	0.30278669392960733	
0.9692636689531708	0.6512419723938907	0.8358513745739744	0.21518785347195668	0.513047279396681	0.4225191725902381	0.6798244445756054	0.9357758968588986	

0.0	0.9697582152914729	0.6270263852973659	0.3006410780509525	0.3515339783975794	0.7302363934804221	0.998868861077923	0.850887888453627	
0.9697582152914729	0.0	0.6202947516874656	0.2549660725096543	0.6670118714827	0.7145403295087035	0.5632291039030557	0.04316313125078386	
0.6270263852973659	0.6202947516874656	0.0	0.9254068880061437	0.21602199643677344	0.6700137473288598	0.0291607635829938	0.4762221129912191	
0.3006410780509525	0.2549660725096543	0.9254068880061437	0.0	0.30159634410836433	0.25845688320445803	0.4062963538479972	0.3319800963636985	
0.3515339783975794	0.6670118714827	0.21602199643677344	0.30159634410836433	0.0	0.061321429632651636	0.2941689702941882	0.34611640582440706	
0.7302363934804221	0.7145403295087035	0.6700137473288598	0.25845688320445803	0.061321429632651636	0.0	0.6063457768411828	0.6238293227361701	
0.998868861077923	0.5632291039030557	0.0291607635829938	0.4062963538479972	0.2941689702941882	0.6063457768411828	0.0	0.5804078724132141	
0.850887888453627	0.04316313125078386	0.4762221129912191	0.3319800963636985	0.34611640582440706	0.6238293227361701	0.5804078724132141	0.0	

354.2103913915158	413.96676521720906	73.52117339547621	136.0152393951768	
197.17741144493178	141.1004695019198	115.50815904009953	86.57397090476029	
431.18222141848116	552.2340446148737	73.57927384911731	135.90783758624934	
357.56366150934036	197.62445174190924	98.24164310197872	101.78982847039319	
459.16138824689295	185.8603290939746	94.39790781182786	105.93455121838008	
356.0555942357464	551.0789057159747	74.30875413147295	134.5736463607936	
201.69277334551288	277.4353853524489	90.5371963981991	110.45184076628766	
69.55478048374025	263.1328374747082	123.69628391118718	80.84317235576705	

-1.0	-1.0	94.2355903652952	106.11701970811625	
-1.0	-1.0	112.0901994725179	89.21386568191258	
-1.0	-1.0	78.20495542870809	127.86913495674881	
-1.0	-1.0	102.73920017049106	97.33383152103045	
-1.0	-1.0	106.29751894484176	94.07557296976088	
-1.0	-1.0	110.84198708295035	90.21851974303151	
-1.0	-1.0	129.78665654168424	77.04952316718514	
-1.0	-1.0	103.73234769685091	96.40194425391934	

427.73156478699207	403.29881439361066
240.10138503611347	54.5264985971595
476.70780361468815	416.32620702862437
385.243838276152	197.62445174190924
459.16138824689295	102.83967976250051
356.0555942357464	550.8270440959063
292.229969743712	261.30632002314184
193.25106439492743	191.37092361921015

0.0	0.7915006002443243	0.6190774125985979	0.23303266200803063	0.029476677007209684	0.9407880661646261	0.2460075677721799	0.31863026265988936	
0.7915006002443243	0.0	0.8803890079546439	0.4958995234807968	0.5170250612464595	0.2747811334956958	0.37955114823707203	0.4270415549124107	
0.6190774125985979	0.8803890079546439	0.0	0.6638683274424428	0.8858748551794884	0.23422016355133402	0.11988357433360741	0.6823965585507288	
0.23303266200803063	0.4958995234807968	0.6638683274424428	0.0	0.43817953776049057	0.3739840942069611	0.14064780883543604	0.8388155818244583	
0.029476677007209684	0.5170250612464595	0.8858748551794884	0.43817953776049057	0.0	0.7557409373493756	0.4273555562903496	0.24936665653690826	
0.9407880661646261	0.2747811334956958	0.23422016355133402	0.3739840942069611	0.7557409373493756	0.0	0.9801889870926964	0.8326078134504415	
0.2460075677721799	0.37955114823707203	0.11988357433360741	0.14064780883543604	0.4273555562903496	0.9801889870926964	0.0	0.0174617409816874	
0.31863026265988936	0.4270415549124107	0.6823965585507288	0.8388155818244583	0.24936665653690826	0.8326078134504415	0.0174617409816874	0.0	

0.03553661524707685	0.9819667920441666	0.11085274363437159	0.709561387483888	0.8739907578028484	0.015255075751781644	0.15829614124889735	0.3833486306854491	
0.9882800648589204	0.12157028506452028	0.05173900070157833	0.46459423485117535	0.5282802324848588	0.4671564866433632	0.9125748325489504	0.31520385032348064	
0.1151497798611738	0.2474659050939818	0.05934067713680513	0.21372742891587249	0.8031652763575494	0.41571993718469147	0.5604780250523164	0.9008934222940014	
0.8660854396874674	0.7804402311284089	0.09192339976692221	0.49602046129633515	0.971428690495064	0.8930005937449355	0.2005111919902619	0.9031108843344505	
0.35780748721206934	0.08082116393382954	0.7040543438134206	0.4631271516495673	0.08846967485283774	0.5726466167904429	0.49510086016928956	0.40289590087433214	
0.3184554408492005	0.9094201388883841	0.4577476338160278	0.5812810391144949	0.7832862088027955	0.7375857040213065	0.5555252194624861	0.13971182083385214	
0.39385939398777836	0.6412210068073148	0.4032504861971201	0.9268475329473101	0.9052310780248324	0.8852240671497887	0.7968764735952777	0.9861054999687795	
0.1162261124729389	0.8138467350203388	0.7427519893973439	0.9699744374855452	0.9523233179564434	0.17718860902239741	0.5013361147629108	0.07648100476083464	

0.0	0.8428351293995173	0.04029537815686657	0.9908716507389568	0.45689595365798696	0.19064409969281615	0.07804466597014137	0.35951838644452294	
0.8428351293995173	0.0	0.5911752135849321	0.5232515995898129	0.7543614412169964	0.6782159914876121	0.2578465148369061	0.5937685535738472	
0.04029537815686657	0.5911752135849321	0.0	0.46946166538608136	0.8108760705286374	0.29355078343063135	0.7111919117516798	0.05595588620523406	
0.9908716507389568	0.5232515995898129	0.46946166538608136	0.0	0.03568445890424221	0.4895445229139419	0.8274766890610685	0.4815193742309497	
0.45689595365798696	0.7543614412169964	0.8108760705286374	0.03568445890424221	0.0	0.04627122832136532	0.6441012451861193	0.0069240346980474765	
0.19064409969281615	0.6782159914876121	0.29355078343063135	0.4895445229139419	0.04627122832136532	0.0	0.163530102862538	0.13327336829538028	
0.07804466597014137	0.2578465148369061	0.7111919117516798	0.8274766890610685	0.6441012451861193	0.163530102862538	0.0	0.9807544980850139	
0.35951838644452294	0.5937685535738472	0.05595588620523406	0.4815193742309497	0.0069240346980474765	0.13327336829538028	0.9807544980850139	0.0	

90.67672965043356	85.90162595350199	135.99160829324822	73.53394908336035	
412.59677617017405	432.29148703740464	97.54484452134037	102.51695052742896	
235.96576305305715	184.8284132293283	129.10630596162463	77.45555049009292	
251.46696612133064	509.3912026864889	74.70967574716896	133.85147104428356	
423.44835582743303	177.7275051663376	127.82219668118219	78.23367349054631	
263.0843123822351	308.41595013913576	121.60944284368111	82.23045650208408	
5.455707576966503	497.3706360734264	74.68497141839855	133.89574649467582	
166.3135365749555	362.87128348264866	84.05538893969896	118.96917171097698	

-1.0	-1.0	127.38058416823378	78.5048998267493	
-1.0	-1.0	94.29738527954326	106.04747915708523	
-1.0	-1.0	74.23982669347708	134.6985903036682	
-1.0	-1.0	89.41840828759675	111.83379565242275	
-1.0	-1.0	122.34160014258272	81.73834565140169	
-1.0	-1.0	107.77955495419663	92.78197524799326	
-1.0	-1.0	113.78455617131274	87.88538916427386	
-1.0	-1.0	118.49176445707562	84.39405089306914	

94.65886566039241	12.367676870141622
412.59677617017405	362.1396251120495
365.0720690146818	116.41962952689624
251.46696612133064	480.6716069093867
423.44835582743303	138.65211869974564
263.0843123822351	237.14433275860273
37.77872078552894	363.47488957875055
250.36892551465445	309.35755334289786

0.0	0.6261348367080899	0.8277678907649407	0.15705414526083272	0.9149742817905007	0.8204970258199511	0.5071998490798355	0.07154371513525459	
0.6261348367080899	0.0	0.7975469446240264	0.4030707166999512	0.40911925450808817	0.8783318409569175	0.21803503923153023	0.1721512042619462	
0.8277678907649407	0.7975469446240264	0.0	0.017881897112108303	0.19716545928187534	0.03630447109826218	0.06959383489180682	0.15449757141462683	
0.15705414526083272	0.4030707166999512	0.017881897112108303	0.0	0.929452128839329	0.9988655377310643	0.9536187699214473	0.9922780033332235	
0.9149742817905007	0.40911925450808817	0.19716545928187534	0.929452128839329	0.0	0.9294133178173383	0.5759931507503095	0.8133593965213314	
0.8204970258199511	0.8783318409569175	0.03630447109826218	0.9988655377310643	0.9294133178173383	0.0	0.5932892861680602	0.8003130391102071	
0.5071998490798355	0.21803503923153023	0.06959383489180682	0.9536187699214473	0.5759931507503095	0.5932892861680602	0.0	0.04779540022757278	
0.07154371513525459	0.1721512042619462	0.15449757141462683	0.9922780033332235	0.8133593965213314	0.8003130391102071	0.04779540022757278	0.0	

0.21808897653869608	0.2005802444912853	0.8836788052630354	0.5983249346542505	0.02875086198404253	0.8506144436591281	0.1113494854710827	0.5118708637806281	
0.4234581220417709	0.478753466972342	0.9196483229391711	0.6813526789175309	0.13762929664865475	0.6583971412644127	0.7325422914797168	0.23113007030843813	
0.18354525583995696	0.29921528295858224	0.42839539621823763	0.2204375827703925	0.5286200166138889	0.6761361441086842	0.5318487981708292	0.44144896043468185	
0.8744756964382652	0.10187159493713227	0.4306538376807124	0.7167894284635594	0.464464823860405	0.4111000277462319	0.6608234365141357	0.26549586911676704	
0.3052902706219277	0.015248903928904767	0.8396001998014719	0.5003707735858601	0.05263150361962832	0.5338888568967661	0.2681221089143685	0.5698706281348213	
0.08119326500399049	0.9120714713678414	0.5743001123813892	0.06411488592733339	0.9363509032027896	0.4925136114386002	0.02130399359203372	0.5672973778448906	
0.4475740853964776	0.7273508568800138	0.26818616942088613	0.1577263172802319	0.27306868524519756	0.08625352392382901	0.4365559138922178	0.5319157104200288	
0.5405843346023516	0.2460188221817946	0.31084890560063105	0.1605951818342658	0.5510929015814823	0.8313225144124546	0.37962027810747423	0.7722010034820022	

0.0	0.8171350420764335	0.2114219741261879	0.5033565810767405	0.04521852279168115	0.20037579293840857	0.35120782264353145	0.2560455071062052	
0.8171350420764335	0.0	0.5218429543430954	0.15762611419405936	0.9621103453053884	0.06788822518635418	0.4201766036981077	0.5325312889716709	
0.2114219741261879	0.5218429543430954	0.0	0.4634430276439552	0.5762254036532581	0.9434355391428004	0.9177581201042871	0.8449263398684487	
0.5033565810767405	0.15762611419405936	0.4634430276439552	0.0	0.9070562575990188	0.8249094393091878	0.25611230308138355	0.5794350858952666	
0.04521852279168115	0.9621103453053884	0.5762254036532581	0.9070562575990188	0.0	0.7536981905282159	0.4844922331930065	0.44423451270220304	
0.20037579293840857	0.06788822518635418	0.9434355391428004	0.8249094393091878	0.7536981905282159	0.0	0.4462999998802911	0.023327230067670235	
0.35120782264353145	0.4201766036981077	0.9177581201042871	0.25611230308138355	0.4844922331930065	0.4462999998802911	0.0	0.5997425555045648	
0.2560455071062052	0.5325312889716709	0.8449263398684487	0.5794350858952666	0.44423451270220304	0.023327230067670235	0.5997425555045648	0.0	

