10

282	282

2

2

26.94092205705018	196.42033656048068	137.08152179364657	72.94929228356055	
186.85452260186955	261.0008376701927	76.03709927665786	131.5147486573023	

-1.0	-1.0	105.9825843622696	94.35512504411108	
-1.0	-1.0	133.68642436438367	74.80191087124453	

26.94092205705018	158.0196411965425
186.85452260186955	129.73035021163292

0.0	0.006015205887340502	
0.006015205887340502	0.0	

0.3561066122329396	0.9332668395191249	
0.6474582237201201	0.07183331946742177	

0.0	0.4921576045653572	
0.4921576045653572	0.0	

62.287917781422664	168.53429064087783	83.89616743799519	119.19495616281472	
175.90303493184382	157.30322606400748	101.97242726165037	98.0657249075877	

-1.0	-1.0	108.54720552415745	92.12581707388566	
-1.0	-1.0	130.36348349177192	76.70859762374457	

62.287917781422664	108.42317004744729
277.8754621934942	120.48223388545256

0.0	0.027626631450176853	
0.027626631450176853	0.0	

0.2656029268474991	0.7093886303341621	
0.8796108991706629	0.017714236524809412	

0.0	0.842650277391208	
0.842650277391208	0.0	

31.447170696995002	113.96099901682254	108.17552121084819	92.44235560934989	
25.88286390547315	243.55904828955164	97.52846473763162	102.53416812108878	

-1.0	-1.0	138.023374295996	72.45149635709272	
-1.0	-1.0	127.69198410181896	78.31345146948462	

31.447170696995002	39.26871521695426
95.30039655854054	243.55904828955164

0.0	0.1350398293815651	
0.1350398293815651	0.0	

0.37698802722198843	0.11994933904374094	
0.1982767294959138	0.41028081262507465	

0.0	0.6589400174821528	
0.6589400174821528	0.0	

85.30896765451372	125.37407654087065	129.51296785070895	77.21234534233756	
85.91702529049141	255.435668764965	127.04555675978179	78.7119223611105	

-1.0	-1.0	136.5209249385333	73.24884448667751	
-1.0	-1.0	121.99487758639306	81.97065481637378	

214.82193550522265	106.25657824332632
85.91702529049141	181.23667326656476

0.0	0.7390180613727714	
0.7390180613727714	0.0	

0.5696976549875162	0.13364566945165157	
0.570713099324249	0.6985933119114272	

0.0	0.32181812298433954	
0.32181812298433954	0.0	

41.49104616377525	124.59821725451005	116.4766967043591	85.85408311657376	
179.8082461741845	220.90701719964486	86.50077780766173	115.60589688841223	

-1.0	-1.0	81.37163875387172	122.89294099443454	
-1.0	-1.0	119.08517457431161	83.97350917733083	

87.10249884482931	38.74413413793627
266.3090239818462	190.8633906331995

0.0	0.2995212976639672	
0.2995212976639672	0.0	

0.4876585104381874	0.9286847619443032	
0.23787250597979814	0.07288871645487482	

0.0	0.5473744434701641	
0.5473744434701641	0.0	

108.64193839002994	131.63261342311839	138.68443658196472	72.10614432636672	
113.76667054964719	225.23804772763134	113.85934693737086	87.82765990657377	

-1.0	-1.0	126.13208882460877	79.281966176786	
-1.0	-1.0	122.09340054363636	81.90450880615766	

227.96763654042303	59.52646909675167
202.0444068560213	225.23804772763134

0.0	0.3236043091186398	
0.3236043091186398	0.0	

0.055716658263621266	0.7111523250417229	
0.8994443831675945	0.7463930134720435	

0.0	0.056333732026940364	
0.056333732026940364	0.0	

109.43629830704637	264.0089798620782	129.1601460884027	77.42326331185453	
5.2752863460604225	224.15383765786	101.77087624135707	98.25993810139032	

-1.0	-1.0	101.35005026571008	98.66793330425526	
-1.0	-1.0	101.77066977506752	98.26013744531599	

147.93473630748858	186.58571655022368
5.2752863460604225	218.28907814474593

0.0	0.9807650542470037	
0.9807650542470037	0.0	

0.7758158096500325	0.3129646204520825	
0.5282332384103858	0.21888586113342479	

0.0	0.5640583703617232	
0.5640583703617232	0.0	

21.042694996960975	197.48726426724733	116.93680478647008	85.5162753784857	
189.32394699898495	133.65091374314505	91.72481922243125	109.021746619638	

-1.0	-1.0	115.78456497364282	86.36729776785359	
-1.0	-1.0	131.99557880567716	75.76011325895938	

87.68787877268788	111.97098888876164
281.0487662214162	122.94301043366707

0.0	0.5409630739608168	
0.5409630739608168	0.0	

0.8736551924959782	0.37196571143312007	
0.04257754282757731	0.2651047839050026	

0.0	0.4057884006271817	
0.4057884006271817	0.0	

21.16466879218298	111.22290898448432	130.75177774963214	76.48079568866997	
160.56196859577287	280.29878553635075	82.45692435113433	121.27544264707265	

-1.0	-1.0	134.39816767440067	74.40577630661208	
-1.0	-1.0	112.4593214102918	88.921041622832	

141.88361515579527	34.74211329581436
180.21733443726893	159.0233428892781

0.0	0.6760191470883818	
0.6760191470883818	0.0	

0.33333207545125976	0.57248484708356	
0.9171532306429141	0.7296349735511525	

0.0	0.5691867899341866	
0.5691867899341866	0.0	

122.63761290687535	255.3978850445874	89.53858804354657	111.68369100411276	
137.47025551557928	99.20654357131929	137.7496148807254	72.59548426802353	

-1.0	-1.0	84.63021026722302	118.16111490713104	
-1.0	-1.0	102.65368757439921	97.41491256953051	

212.1762009504219	174.73110830336296
137.47025551557928	83.31997029824697

0.0	0.9298774512170687	
0.9298774512170687	0.0	

0.7882907110771498	0.020626128505502273	
0.7572860662276535	0.5172399303731909	

0.0	0.33897201618113226	
0.33897201618113226	0.0	

