10

692	692

12

12

363.55319456740506	207.20351092919128	88.16407535576914	113.4248837709342	
202.22787922198134	199.32435980767173	106.42777776224267	93.96043223170346	
549.231247610986	618.1623882225712	136.60440025409088	73.20408406610262	
313.2751357283027	688.4650870472024	129.59990850185932	77.16054830282951	
35.02609712563363	686.8417778016209	140.10223551832394	71.37644851278695	
442.8970275484718	319.3417105195596	127.18636392240504	78.62478092463503	
37.317911260409524	198.90230447143642	131.29741594939748	76.1629612257871	
568.8697189077337	518.2299362965872	74.40188931173377	134.40518906853782	
465.4878759458163	506.5716179185428	82.58260899849857	121.09087035724204	
193.64761453994103	312.2077729998034	140.90782128359768	70.96838137801826	
186.78685438497197	614.5429241979677	104.17267623509221	95.99446190124222	
56.68235288895477	511.8953947423653	115.96575968263278	86.2323501986045	

-1.0	-1.0	91.34302844586733	109.4774299707646	
-1.0	-1.0	86.15433198714577	116.07077403248859	
-1.0	-1.0	135.4240122784996	73.84214831439931	
-1.0	-1.0	111.89526024447711	89.36929033590211	
-1.0	-1.0	101.798730576482	98.23305205644917	
-1.0	-1.0	87.96979000481033	113.67538787410068	
-1.0	-1.0	108.80092642248626	91.91098209190676	
-1.0	-1.0	76.2521893798766	131.14377542894604	
-1.0	-1.0	77.22472947674146	129.49219851928132	
-1.0	-1.0	74.23757047338916	134.70268404843006	
-1.0	-1.0	90.7946493922381	110.13864877432839	
-1.0	-1.0	106.24500181591591	94.12207472429034	

401.3620515248744	207.20351092919128
278.32807150382155	199.32435980767173
554.6756401472215	544.9583041564686
313.2751357283027	649.4149719169748
63.50047991744758	615.4653292888339
488.8077415861213	240.71692959492458
101.03762218723244	122.73934324564937
643.2716082194675	411.6947913268866
465.4878759458163	394.4895381887178
193.64761453994103	258.2702733452567
290.9595306200642	605.5524172803521
172.64811257158755	499.3850277906806

0.0	0.08501116377803208	0.19423914462403047	0.8181673873070955	0.12287386211751838	0.2726732405204565	0.7683982058992019	0.3917488533477901	0.1876444233155875	0.476043760813848	0.2571887758787822	0.02184520219671815	
0.08501116377803208	0.0	0.057918488709781446	0.8549485540151309	0.15299731610564682	0.5071213537415337	0.697392828918911	0.5850154725411016	0.3296155307620645	0.09432151559169621	0.8950707933176302	0.20053872976022702	
0.19423914462403047	0.057918488709781446	0.0	0.7822909433066183	0.5429462679930058	0.5709264769606188	0.417560012056822	0.5716186327606396	0.3394812918992991	0.8743442441481587	0.42853850962872864	0.5262366886902039	
0.8181673873070955	0.8549485540151309	0.7822909433066183	0.0	0.5049421566218679	0.996859016776285	0.3775296490536866	0.36304128608946695	0.20531741299949402	0.8540969434840718	0.32227358899144953	0.7982891966421796	
0.12287386211751838	0.15299731610564682	0.5429462679930058	0.5049421566218679	0.0	0.6187246402267532	0.079880510759468	0.21149770517341548	0.47781540574100023	0.8781432993743333	0.3055169632709779	0.770728024376196	
0.2726732405204565	0.5071213537415337	0.5709264769606188	0.996859016776285	0.6187246402267532	0.0	0.11171298437716881	0.3984737291086614	0.5427713126700273	0.0927847234863799	0.7836219274222628	0.25381709330975755	
0.7683982058992019	0.697392828918911	0.417560012056822	0.3775296490536866	0.079880510759468	0.11171298437716881	0.0	0.9778313651105739	0.8068865118104814	0.4175884700778508	0.27273668518393923	0.8556224622306361	
0.3917488533477901	0.5850154725411016	0.5716186327606396	0.36304128608946695	0.21149770517341548	0.3984737291086614	0.9778313651105739	0.0	0.1908929085498443	0.03646686684049094	0.9386406123596014	0.2930145277557311	
0.1876444233155875	0.3296155307620645	0.3394812918992991	0.20531741299949402	0.47781540574100023	0.5427713126700273	0.8068865118104814	0.1908929085498443	0.0	0.3391856590141147	0.5287660369374347	0.542335723717787	
0.476043760813848	0.09432151559169621	0.8743442441481587	0.8540969434840718	0.8781432993743333	0.0927847234863799	0.4175884700778508	0.03646686684049094	0.3391856590141147	0.0	0.4131955354767841	0.4095369631573289	
0.2571887758787822	0.8950707933176302	0.42853850962872864	0.32227358899144953	0.3055169632709779	0.7836219274222628	0.27273668518393923	0.9386406123596014	0.5287660369374347	0.4131955354767841	0.0	0.37790685350416575	
0.02184520219671815	0.20053872976022702	0.5262366886902039	0.7982891966421796	0.770728024376196	0.25381709330975755	0.8556224622306361	0.2930145277557311	0.542335723717787	0.4095369631573289	0.37790685350416575	0.0	

0.7562612159047388	0.14019840968954211	0.0012119450604607396	0.18185099576453057	0.6771385524153409	0.21210954853898245	0.8798517526839973	0.9062864423958453	0.9800431273899333	0.7491914989731966	0.7889247056574277	0.02489214183295274	
0.12639149768506897	0.9993257599725724	0.5590843760465514	0.8558373145228074	0.40326400296770226	0.8210845838332745	0.27559727734751616	0.4463290423992464	0.46618743859026324	0.6371107930947538	0.9729567208358162	0.15600705408240012	
0.02344772762274694	0.5650460082564706	0.49600530079339533	0.9859561680126476	0.5920170103767177	0.40047613516041725	0.9874355011914374	0.2052471313109031	0.16631188773839378	0.29530874898716986	0.7007955438206159	0.4489864174734509	
0.45838286772841164	0.30019171256522903	0.48363543808197307	0.7401760795967925	0.09176773379674763	0.4210280215854294	0.32718620097672213	0.8222547608896567	0.761124070180905	0.4773372415478049	0.8369728260179886	0.7800119159804082	
0.905889438273545	0.844158990847509	0.3430192686689877	0.17363690018974998	0.8886003572577225	0.10938917836403639	0.6388120050310132	0.8139852534989509	0.017133689703996424	0.7848857183005139	0.014946060140128226	0.8667148257925582	
0.005017564784919104	0.47237443331010276	0.3363854017090072	0.1887647326206644	0.625091114656035	0.3041327067254226	0.4015274200049548	0.6727199746686872	0.3791753779596633	0.053622419027341106	0.7167690585018152	0.9029259109990203	
0.9800507399506125	0.04269006266135189	0.12202973986022514	0.6117855928229988	0.3219186353751272	0.8596463813986672	0.4106944715494466	0.26549488861346937	0.4016585323800451	0.9464838529121704	0.20169786530407863	0.605539357609923	
0.34557358074319633	0.3136853823040462	0.8419780080461484	0.1255978149781617	0.29495159334249854	0.9975225940519258	0.04428650996737393	0.27306769154770927	0.40865028396786773	0.3874382178208321	0.2983494460994266	0.6302476076392607	
0.6520490679953561	0.2200513093891644	0.832631080628799	0.4522827559881857	0.35909220362775696	0.8615204250696359	0.049460557919695836	0.7172992149067687	0.7777808471566608	0.4814443680580939	0.9080393576527198	0.2787236233633579	
0.939354611709482	0.8591757879514137	0.6878551228375203	0.8006045359746546	0.22753579956020764	0.8573683693333105	0.929285240295442	0.9038228324322519	0.96659269618815	0.04777330871191976	0.11868164116141222	0.3543982196164879	
0.19561030721967398	0.5807462197808178	0.8619857105462072	0.1846693707639172	0.551240935636848	0.15262124184372827	0.8739300683179275	0.3539458345899822	0.8423385360335597	0.8440537781007672	0.09914245601659832	0.9272996241561193	
0.46726467322007126	0.6776292690206802	0.6769734752085748	0.7794853423650117	0.29828583278451304	0.9744802972310338	0.2636292235882879	0.5155473297750612	0.03736546190124723	0.9773498527814142	0.4331964087106931	0.6404933578579187	

0.0	0.7514837628955752	0.49340624747525696	0.00748393115462842	0.14642110076870973	0.07493055546199257	0.07249076139926836	0.2273073746558376	0.932105281522658	0.8862727083439749	0.2602429947737711	0.031480438895722496	
0.7514837628955752	0.0	0.9194006487453602	0.5471351200388879	0.25451033720116245	0.9327453734981215	0.02273037099056585	0.06392215795127676	0.46632463256404	0.6345750598576095	0.5166973934407536	0.1514824770542822	
0.49340624747525696	0.9194006487453602	0.0	0.9206075567008719	0.1896840032458933	0.9308525186570529	0.07816601824695857	0.8120309824880101	0.29667016423115933	0.08187117130634514	0.7174787455048978	0.5438623332267396	
0.00748393115462842	0.5471351200388879	0.9206075567008719	0.0	0.9169139937543956	0.8852525414062544	0.8238182484407848	0.4174001998642326	0.8546779142493508	0.7910713293550431	0.08127580237194365	0.3899996584411468	
0.14642110076870973	0.25451033720116245	0.1896840032458933	0.9169139937543956	0.0	0.9081243598027028	0.4552182588052711	0.8034805032189184	0.6142982405108741	0.29481453679375214	0.3862786906236062	0.3467603063247986	
0.07493055546199257	0.9327453734981215	0.9308525186570529	0.8852525414062544	0.9081243598027028	0.0	0.49653391073873165	0.989773589594781	0.35162068967499926	0.5746288172742404	0.7448226320280965	0.2842697914432676	
0.07249076139926836	0.02273037099056585	0.07816601824695857	0.8238182484407848	0.4552182588052711	0.49653391073873165	0.0	0.9355149805115098	0.371865795889462	0.30674359437092646	0.5058972078871433	0.7860205291001666	
0.2273073746558376	0.06392215795127676	0.8120309824880101	0.4174001998642326	0.8034805032189184	0.989773589594781	0.9355149805115098	0.0	0.5898439701503783	0.5974240682440201	0.7337333525986571	0.8954133264709186	
0.932105281522658	0.46632463256404	0.29667016423115933	0.8546779142493508	0.6142982405108741	0.35162068967499926	0.371865795889462	0.5898439701503783	0.0	0.5683927364066865	0.16868712644083417	0.18365371222987614	
0.8862727083439749	0.6345750598576095	0.08187117130634514	0.7910713293550431	0.29481453679375214	0.5746288172742404	0.30674359437092646	0.5974240682440201	0.5683927364066865	0.0	0.25339783441075736	0.7734940563823297	
0.2602429947737711	0.5166973934407536	0.7174787455048978	0.08127580237194365	0.3862786906236062	0.7448226320280965	0.5058972078871433	0.7337333525986571	0.16868712644083417	0.25339783441075736	0.0	0.4816329693254874	
0.031480438895722496	0.1514824770542822	0.5438623332267396	0.3899996584411468	0.3467603063247986	0.2842697914432676	0.7860205291001666	0.8954133264709186	0.18365371222987614	0.7734940563823297	0.4816329693254874	0.0	

478.69521328009534	163.432569358593	72.86348152702249	137.24296163766692	
562.3144222549063	390.2549507570778	91.18180129466646	109.67100735028949	
235.23640451924132	378.83973787536166	123.2144538732212	81.15930952621257	
420.60606636603364	389.949307323726	113.58899453040273	88.03669793312102	
422.24890659766953	297.6517037246818	127.59633690255073	78.37215583733654	
319.5225702809463	600.0698429411883	90.35958996700745	110.66893955197506	
534.7802260752634	485.8343201070786	106.99253312114122	93.464466241561	
479.0387704766862	593.5463954783562	136.08675764017235	73.48253550460103	
277.07844557083325	480.50590188028224	132.12535021773365	75.68570288381962	
266.2266444229752	691.0270974907987	127.10638720167037	78.67425249160559	
267.6191097053497	161.17507417762567	125.71695810967347	79.5437636287394	
566.8792375252666	260.2427161711203	121.62577427585376	82.21941491874465	

-1.0	-1.0	117.812670624495	84.88051367473926	
-1.0	-1.0	72.38241179626614	138.15510911886818	
-1.0	-1.0	111.03573996372093	90.06109207060116	
-1.0	-1.0	131.36218174645734	76.12541042673179	
-1.0	-1.0	88.83956175781516	112.56246431360076	
-1.0	-1.0	134.36545364673484	74.4238919201015	
-1.0	-1.0	131.98835444610867	75.76425997554986	
-1.0	-1.0	128.15273338365375	78.03189004219499	
-1.0	-1.0	139.22952461334822	71.82384647057309	
-1.0	-1.0	136.36704108512137	73.33150239549396	
-1.0	-1.0	123.12196494304767	81.22027620843839	
-1.0	-1.0	106.08720747614524	94.26207209996171	

519.7455121730252	163.432569358593
600.9346981926893	390.2549507570778
238.28303151401758	297.6804283491491
420.60606636603364	334.51358457773506
422.24890659766953	295.0041272991372
399.66854705552106	489.4009033892132
564.4599059997812	485.8343201070786
590.2095336857999	593.5463954783562
409.20379578856694	414.50039942547045
348.1231303708216	612.3528449991932
393.33606781502317	120.00165587898971
623.5474778143354	178.02330125237563

0.0	0.33874159340973253	0.18110637319140066	0.6522881807531972	0.916558851140438	0.5296739779061218	0.10568206928751	0.5626382924208272	0.05391567010841358	0.8724525205502213	0.7528010619945257	0.9729457116215382	
0.33874159340973253	0.0	0.420176284802802	0.5444031814041141	0.4090633910009198	0.9074558143128735	0.5429117128552144	0.17726864486379157	0.5392864582116279	0.7869216601270397	0.2028169270729866	0.7713681552205186	
0.18110637319140066	0.420176284802802	0.0	0.25917906650334954	0.08497327495339291	0.28387178127358814	0.7064347731654496	0.7988528327618509	0.942105623323485	0.8045544913527376	0.6754476061469803	0.49598268173947113	
0.6522881807531972	0.5444031814041141	0.25917906650334954	0.0	0.5909624765045812	0.8818632341157919	0.6230622018188036	0.39995737129261066	0.41983267569575344	0.46386723787327544	0.7924195354005653	0.2974031143952304	
0.916558851140438	0.4090633910009198	0.08497327495339291	0.5909624765045812	0.0	0.8975646209612415	0.5802064673392093	0.0790615967715963	0.10789145318543714	0.6703148018415955	0.7055081949234819	0.9678143320858247	
0.5296739779061218	0.9074558143128735	0.28387178127358814	0.8818632341157919	0.8975646209612415	0.0	0.24295466285686906	0.3733163075265825	0.4333487648244262	0.9619217799797533	0.8161039462695129	0.8957965855440903	
0.10568206928751	0.5429117128552144	0.7064347731654496	0.6230622018188036	0.5802064673392093	0.24295466285686906	0.0	0.46567027298796027	0.9197702628253464	0.7631082485665588	0.03302835557970407	0.45986023223324646	
0.5626382924208272	0.17726864486379157	0.7988528327618509	0.39995737129261066	0.0790615967715963	0.3733163075265825	0.46567027298796027	0.0	0.12970802132614012	0.42623975770749245	0.3161298374133731	0.023013474841954373	
0.05391567010841358	0.5392864582116279	0.942105623323485	0.41983267569575344	0.10789145318543714	0.4333487648244262	0.9197702628253464	0.12970802132614012	0.0	0.48250240988549764	0.07056902409441435	0.015881849302210815	
0.8724525205502213	0.7869216601270397	0.8045544913527376	0.46386723787327544	0.6703148018415955	0.9619217799797533	0.7631082485665588	0.42623975770749245	0.48250240988549764	0.0	0.49283777731820877	0.389842627280388	
0.7528010619945257	0.2028169270729866	0.6754476061469803	0.7924195354005653	0.7055081949234819	0.8161039462695129	0.03302835557970407	0.3161298374133731	0.07056902409441435	0.49283777731820877	0.0	0.9843334023468838	
0.9729457116215382	0.7713681552205186	0.49598268173947113	0.2974031143952304	0.9678143320858247	0.8957965855440903	0.45986023223324646	0.023013474841954373	0.015881849302210815	0.389842627280388	0.9843334023468838	0.0	

0.15448860267441877	0.366624780350719	0.350035349737421	0.9047378248284484	0.3245027914242866	0.14092163821730963	0.9860233667265972	0.7507289377854992	0.9939128521188815	0.512230651831988	0.8112473938263283	0.6410567630397302	
0.35216161066273366	0.024789951806037824	0.123594970331249	0.6319916715694566	0.9807779424702749	0.5052835067047912	0.10905293304694441	0.4062818652343213	0.41343199984091594	0.04735982912980574	0.5214816569502256	0.3088829445644571	
0.29270529908154574	0.24155484928803872	0.364698080967396	0.5357607932360077	0.46723432427378664	0.500381091917711	0.19249864418899298	0.13265865337267224	0.6433936996325431	0.23166524674516664	0.9908862268162374	0.5671644308292738	
0.8824432906133793	0.1727868554201314	0.861647559805089	0.9001100907464459	0.317070714235305	0.41429098682779997	0.8875607382475509	0.0012794841597811857	0.9505194133063144	0.5134180040492554	0.6268954029253981	0.8295971261390652	
0.296999414017204	0.6264141976647102	0.6585004249563239	0.5294150614692436	0.9238362858497934	0.7730567857589777	0.47865725366011935	0.9822108215839874	0.6638214217545325	0.1876477215637904	0.8370096795636124	0.49695422704052195	
0.3804846577755002	0.20780068488407955	0.29126365101778084	0.5225966882572423	0.6895177096799432	0.30566584480496684	0.3589835916897204	0.6225816620645025	0.9663352905915965	0.6758079156978337	0.14969424820436272	0.4639698524076735	
0.3027682403880664	0.25977233185396265	0.7716303018121929	0.24271913510973553	0.815140781498945	0.2094458230678251	0.12485868756262375	0.7918532391521927	0.8514918634133025	0.5696369479312179	0.9161309280797568	0.6006994604209839	
0.19745867828903474	0.3948732120941614	0.8607062818829503	0.11107042280031587	0.3383476155581735	0.6062314638804673	0.07251896760055654	0.9502106541782388	0.19917643931819307	0.6410880793743782	0.5864453325831168	0.21052378281858275	
0.5549786810840388	0.3519969158671462	0.8050601982798143	0.4925413022184779	0.4804195710383383	0.6704719540437304	0.41715376834582185	0.19028985996828607	0.7907801970954641	0.26727294248777056	0.9964140961061715	0.4171584097674689	
0.4156245922142052	0.8128620902671729	0.0560619421619698	0.045562663485820165	0.041972480605013573	0.47002045773040346	0.8088585464704805	0.5651491117623422	0.16555761341491393	0.9351826224741772	0.26178924801682124	0.8519764289583056	
0.8967603634208533	0.68586920507367	0.5608585440413393	0.4850573131465621	0.4820599648429771	0.08866620068416697	0.6938154473210463	0.9468390620515367	0.5223605168177414	0.675521279801079	0.7572604288131377	0.9006466600697576	
0.29630221988216177	0.20569706075152872	0.999468165158127	0.7508073728621377	0.4296773254739228	0.09654163582689224	0.7613931053595493	0.8601209933304323	0.39132772705233276	0.4283071288343655	0.2557078413309146	0.12453558192013403	

0.0	0.0065673421131330345	0.8473568168821791	0.08633354343298305	0.709666900895148	0.900355883947951	0.1289910225840838	0.4048281504597607	0.5393672366929743	0.4649662696978486	0.6207815692878134	0.29751630916968663	
0.0065673421131330345	0.0	0.36649383977883176	0.5148282446213589	0.5167832767130429	0.9399770265682814	0.04633570982875512	0.5180604395148337	0.5312748837659661	0.08246508461665603	0.4819764744401792	0.7927731171701837	
0.8473568168821791	0.36649383977883176	0.0	0.64887935131431	0.1421851001193134	0.10120568551901665	0.7495698400550321	0.4338476493397473	0.5450923013098211	0.844596864772844	0.0762538286161778	0.8168855590199957	
0.08633354343298305	0.5148282446213589	0.64887935131431	0.0	0.64587717029219	0.08665274141206625	0.662857183982315	0.27311244976338456	0.4358140212342868	0.6738592658948814	0.9138939492893219	0.2199213485090028	
0.709666900895148	0.5167832767130429	0.1421851001193134	0.64587717029219	0.0	0.8274544100605533	0.4313600089493945	0.24070910395579825	0.6558115930223372	0.09442902915760265	0.11864735898960455	0.3104626116839323	
0.900355883947951	0.9399770265682814	0.10120568551901665	0.08665274141206625	0.8274544100605533	0.0	0.27432758551250636	0.9190090090614218	0.473350722583166	0.8925609515263133	0.20338399390733508	0.27343542099870977	
0.1289910225840838	0.04633570982875512	0.7495698400550321	0.662857183982315	0.4313600089493945	0.27432758551250636	0.0	0.6289505046898249	0.9823346104243061	0.39530821394970983	0.6723234873410457	0.4263075853256385	
0.4048281504597607	0.5180604395148337	0.4338476493397473	0.27311244976338456	0.24070910395579825	0.9190090090614218	0.6289505046898249	0.0	0.6669151362438154	0.4717816516515211	0.18956210538507	0.6556655642764597	
0.5393672366929743	0.5312748837659661	0.5450923013098211	0.4358140212342868	0.6558115930223372	0.473350722583166	0.9823346104243061	0.6669151362438154	0.0	0.23323585664966162	0.12099446911889833	0.9513759903527028	
0.4649662696978486	0.08246508461665603	0.844596864772844	0.6738592658948814	0.09442902915760265	0.8925609515263133	0.39530821394970983	0.4717816516515211	0.23323585664966162	0.0	0.042861594014221516	0.9994829717956842	
0.6207815692878134	0.4819764744401792	0.0762538286161778	0.9138939492893219	0.11864735898960455	0.20338399390733508	0.6723234873410457	0.18956210538507	0.12099446911889833	0.042861594014221516	0.0	0.30768792054515925	
0.29751630916968663	0.7927731171701837	0.8168855590199957	0.2199213485090028	0.3104626116839323	0.27343542099870977	0.4263075853256385	0.6556655642764597	0.9513759903527028	0.9994829717956842	0.30768792054515925	0.0	

66.27463328811037	237.7091805197178	118.45016053351368	84.4236930955501	
472.235666776148	102.42610286511581	126.04928366978635	79.33404862654504	
255.10369062182008	209.2863461553606	121.51605584497622	82.293651900268	
268.84003184248394	123.48962503041753	100.47660624852962	99.5256545117072	
93.29684829678077	104.03503447853541	129.7245769492814	77.08639515478792	
490.77353489826817	638.8916056667264	123.92261068515275	80.69552396218285	
379.8606266244216	237.39473102462756	90.9859579247376	109.90706948727043	
298.14904496602236	637.571150330873	135.9097972786602	73.57821290467147	
303.75165912004314	348.13511973231425	122.77717594967557	81.44836304183151	
502.7227475021232	229.56970675478277	109.43897662183012	91.37512345857655	
18.334929505743546	345.86332742632226	141.3261233181347	70.75832666469822	
55.07406665880879	574.3594716194593	117.4297780901294	85.15727580039217	

-1.0	-1.0	105.91407918396436	94.41615389612926	
-1.0	-1.0	127.03983967024347	78.71546458148042	
-1.0	-1.0	113.36624382706941	88.20967919916401	
-1.0	-1.0	128.20802645360928	77.99823674548485	
-1.0	-1.0	122.35330782411204	81.73052431386175	
-1.0	-1.0	109.27128282405107	91.51535281325495	
-1.0	-1.0	105.06728407282583	95.17710568276085	
-1.0	-1.0	83.00768046635747	120.47077985817158	
-1.0	-1.0	134.93322235677556	74.11073288948145	
-1.0	-1.0	110.30518330722548	90.65757111474703	
-1.0	-1.0	125.6227189322571	79.60343546928456	
-1.0	-1.0	129.59611542993977	77.16280666920177	

122.72557380144266	153.28548742416774
472.235666776148	37.71380445063778
278.01949318553727	126.9926942550926
345.56169766366725	123.48962503041753
223.02142524606217	37.842047009073326
490.77353489826817	610.7515121353869
460.2455595235681	127.4876615373571
298.14904496602236	605.6166730769555
312.7971312899815	348.13511973231425
550.5772122659978	138.19458329620625
18.334929505743546	344.6678325514243
55.07406665880879	549.6356205472023

0.0	0.7060805953495982	0.8835526783035232	0.9311140887747633	0.2732390504834611	0.7102186384409405	0.3774398041642637	0.49397044661319855	0.432236182497984	0.3277258802545273	0.928038110837731	0.5464995919476836	
0.7060805953495982	0.0	0.6035479069090771	0.5176544839261622	0.2667869542676967	0.35468935175037686	0.4720634395565393	0.8019788227137936	0.5920514251865612	0.19939086491781954	0.9545454464658497	0.8686011480365213	
0.8835526783035232	0.6035479069090771	0.0	0.373750983701977	0.5915891600359807	0.46877007692929284	0.07922174994381692	0.8081993016819808	0.7604045358503873	0.042351494817937096	0.12973228922925928	0.42684671176856526	
0.9311140887747633	0.5176544839261622	0.373750983701977	0.0	0.07812522364066343	0.8194009449349704	0.20787220459868894	0.09221418364231004	0.8768681365294199	0.14753307803490745	0.9397711796406678	0.5260950038248766	
0.2732390504834611	0.2667869542676967	0.5915891600359807	0.07812522364066343	0.0	0.4918819839024897	0.403630182266157	0.7060586153327392	0.2942208148507657	0.24782054207948323	0.7381351023905228	0.5437155005617997	
0.7102186384409405	0.35468935175037686	0.46877007692929284	0.8194009449349704	0.4918819839024897	0.0	0.8517492393017201	0.929341440913202	0.9876777560997181	0.4301916077408433	0.39304099539477755	0.6790241924035701	
0.3774398041642637	0.4720634395565393	0.07922174994381692	0.20787220459868894	0.403630182266157	0.8517492393017201	0.0	0.09218065739671699	0.49063526883906894	0.20729388056012965	0.8527675688476757	0.8378255708688965	
0.49397044661319855	0.8019788227137936	0.8081993016819808	0.09221418364231004	0.7060586153327392	0.929341440913202	0.09218065739671699	0.0	0.3855118376412563	0.9215308061972799	0.8475670365596436	0.5394813205634684	
0.432236182497984	0.5920514251865612	0.7604045358503873	0.8768681365294199	0.2942208148507657	0.9876777560997181	0.49063526883906894	0.3855118376412563	0.0	0.7611674950446256	0.6236477909028597	0.2934967656388022	
0.3277258802545273	0.19939086491781954	0.042351494817937096	0.14753307803490745	0.24782054207948323	0.4301916077408433	0.20729388056012965	0.9215308061972799	0.7611674950446256	0.0	0.5002134777790501	0.420936195594378	
0.928038110837731	0.9545454464658497	0.12973228922925928	0.9397711796406678	0.7381351023905228	0.39304099539477755	0.8527675688476757	0.8475670365596436	0.6236477909028597	0.5002134777790501	0.0	0.7930489053728959	
0.5464995919476836	0.8686011480365213	0.42684671176856526	0.5260950038248766	0.5437155005617997	0.6790241924035701	0.8378255708688965	0.5394813205634684	0.2934967656388022	0.420936195594378	0.7930489053728959	0.0	

0.8264257375778187	0.4321866513700713	0.0022997633360481995	0.7140208845570883	0.1523248641251599	0.4965018678006238	0.5662877021406234	0.24002831285921233	0.10171054415684588	0.28545947252295345	0.5677433360343042	0.29963163308298224	
0.19662179095846533	0.5529438554481931	0.7980639575912768	0.19656098734530014	0.6131390715823734	0.10258448086879801	0.6952585318275469	0.45272132356509776	0.7581396493833653	0.27848811941541596	0.08313920831180655	0.19088724285916947	
0.08862693186364423	0.9149832965032118	0.17757669825057842	0.24320990466571368	0.21992840728997687	0.12199405043845524	0.5452754098854372	0.7239695514222781	0.24894067480001159	0.17035606536352899	0.40853085107232656	0.6458281850023411	
0.004731993953578595	0.7853328904881791	0.8036906479091682	0.6559064450947404	0.6311963218905805	0.3567859746969879	0.6215477929420091	0.12132986003063206	0.5050848252848034	0.9308968332193901	0.48465278019533475	0.6034592637820919	
0.9976244197718276	0.36103568162203326	0.7495389149459918	0.22584084707343122	0.9990652596655499	0.6643155652190766	0.6611129892458418	0.5629817244585922	0.44288206370097494	0.45556682288456785	0.8319714512772067	0.4553768293082123	
0.28998688378587223	0.3119116117332482	0.771159824970687	0.5907835572086587	0.5631938354443051	0.058813941549037296	0.14490090296184166	0.7825608371224247	0.05830912766884244	0.2624256456609503	0.8160754538359276	0.622959531719125	
0.3006023966608381	0.6632441253860383	0.4797463188887787	0.5925715366809965	0.1640483392666453	0.8925431905502453	0.888775268107414	0.7667149929640457	0.3256103468644307	0.5757334021236934	0.24658942575797782	0.9753537933451962	
0.3879706166492225	0.8457536603179181	0.33341183376796646	0.6452192669676441	0.07149431802271655	0.36479138749015794	0.3277789152136703	0.5811227981852893	0.3498476101251128	0.18407335269220793	0.08692482996321527	0.6280181671458349	
0.7835728329195618	0.15916531317088733	0.8576212299558468	0.496192691926843	0.5920565103594185	0.1821632720450994	0.003317980905525597	0.029036731143917915	0.19670880248190636	0.19235466983771232	0.3539389410290684	0.8461613247504005	
0.06680569559886618	0.7833734507675398	0.21144422330929236	0.604203798650487	0.704328405264503	0.2375677488355411	0.8772781400384719	0.0834822129442504	0.5152668889904426	0.9872445927000485	0.8070805498712822	0.9307290013116044	
0.13223714233703732	0.8276513251343163	0.14354590123909294	0.16645481673995044	0.4768954704669266	0.6879985364087344	0.4300735409013101	0.5000642297107017	0.4805145350956601	0.40452481728611034	0.7658592745012823	0.0866646250134262	
0.9172200251537976	0.7335488610080876	0.5273370320675075	0.6065802900992889	0.24676871372883014	0.7926499062246671	0.05138685664776077	0.4519042382365279	0.712382169273813	0.2245625139223687	0.35248299741669453	0.3639900186318087	

0.0	0.6410672839233995	0.028964424516825238	0.08160657028341733	0.47870847311121345	0.3231042675747041	0.0028670434800497357	0.4315494375076474	0.6765798187797412	0.7285313423857958	0.6332655505873838	0.8218215318400227	
0.6410672839233995	0.0	0.04482972028446097	0.2820678258928675	0.8869505422442182	0.27627437712669944	0.22130884098252546	0.036767427779640816	0.6399864630106238	0.12321315801300925	0.5279147843094274	0.09375825277177152	
0.028964424516825238	0.04482972028446097	0.0	0.48398834929653844	0.7807303524132067	0.008477426231023988	0.43884589488138004	0.5979595861618926	0.5394426074891913	0.18615682869130912	0.9700691393788458	0.5301486665007632	
0.08160657028341733	0.2820678258928675	0.48398834929653844	0.0	0.6936327958373474	0.7654643591861503	0.5234476124864388	0.9144961481351732	0.12768569713550926	0.49566531225831345	0.6354581970392525	0.05856292897230331	
0.47870847311121345	0.8869505422442182	0.7807303524132067	0.6936327958373474	0.0	0.9084225062167972	0.5885169711354854	0.6455973822835568	0.4837997178141703	0.09152790303704339	0.6058209279012895	0.8383676021586042	
0.3231042675747041	0.27627437712669944	0.008477426231023988	0.7654643591861503	0.9084225062167972	0.0	0.284645038209257	0.14845435744490731	0.41793370971145327	0.36260963137701596	0.6072229348948517	0.6886207830023613	
0.0028670434800497357	0.22130884098252546	0.43884589488138004	0.5234476124864388	0.5885169711354854	0.284645038209257	0.0	0.7721043362431844	0.46117689345566015	0.3763553236474366	0.9506717356638803	0.1405751195339685	
0.4315494375076474	0.036767427779640816	0.5979595861618926	0.9144961481351732	0.6455973822835568	0.14845435744490731	0.7721043362431844	0.0	0.011360392020183241	0.7529607441534859	0.01093742917692675	0.8068971034194727	
0.6765798187797412	0.6399864630106238	0.5394426074891913	0.12768569713550926	0.4837997178141703	0.41793370971145327	0.46117689345566015	0.011360392020183241	0.0	0.5434090946417407	0.0062431068619519525	0.5692810239448293	
0.7285313423857958	0.12321315801300925	0.18615682869130912	0.49566531225831345	0.09152790303704339	0.36260963137701596	0.3763553236474366	0.7529607441534859	0.5434090946417407	0.0	0.9869978271934112	0.8644563306659141	
0.6332655505873838	0.5279147843094274	0.9700691393788458	0.6354581970392525	0.6058209279012895	0.6072229348948517	0.9506717356638803	0.01093742917692675	0.0062431068619519525	0.9869978271934112	0.0	0.09565750812404683	
0.8218215318400227	0.09375825277177152	0.5301486665007632	0.05856292897230331	0.8383676021586042	0.6886207830023613	0.1405751195339685	0.8068971034194727	0.5692810239448293	0.8644563306659141	0.09565750812404683	0.0	

204.0481132340677	521.6485395398986	106.60327362170815	93.80574967599917	
207.70017123516007	372.63329300404416	96.6850991592077	103.4285540063767	
389.2872599210919	496.4276324698666	99.50973872047746	100.49267668253023	
36.37690795636684	681.1909841816176	137.85213086849961	72.54149745091162	
33.49291843928949	366.9672600728966	111.33384503700096	89.81994645632311	
39.57626193690154	521.6320813365367	132.9463126407545	75.21833288465733	
229.05372603555375	658.4801288674086	73.76742348683257	135.56119391624125	
75.87263507428003	238.47533350614697	79.78633249980062	125.33474953275974	
5.297355668406844	608.4877723841082	123.29864946871662	81.10388915928235	
318.54624051576593	102.16002542705769	111.92635197618182	89.34446467198379	
178.73313975469662	226.43893474314842	120.94266036685046	82.68381040790244	
313.03581698176	651.9082931329032	72.91962184107905	137.13729922782636	

-1.0	-1.0	86.12352708024957	116.11229055542556	
-1.0	-1.0	87.2357558315209	114.63189496876805	
-1.0	-1.0	89.2577279895622	112.03511701719991	
-1.0	-1.0	98.61943102556343	101.39989549734749	
-1.0	-1.0	102.02264275799097	98.01745700433491	
-1.0	-1.0	137.2919537667626	72.83748046144369	
-1.0	-1.0	99.86200183376354	100.13818886433518	
-1.0	-1.0	108.33053368386439	92.3100778694814	
-1.0	-1.0	100.43029927681872	99.57154436468154	
-1.0	-1.0	74.1875623293332	134.79348405610133	
-1.0	-1.0	108.03715905965274	92.56074564565787	
-1.0	-1.0	100.36296438784117	99.63834827911366	

204.0481132340677	463.4687546703299
257.00929973836764	372.63329300404416
429.2895361141258	395.9349557873363
174.22903882486645	674.2653999357846
144.82676347629044	341.5043756570537
172.52257457765606	460.1841617176353
229.05372603555375	658.1786004348157
155.65896757408063	118.97310648097732
84.40268925954626	527.3838832248259
381.41097341284535	102.16002542705769
178.73313975469662	154.16397811236664
347.009973497903	651.9082931329032

0.0	0.6256759610791457	0.6207945999032556	0.6075172699423771	0.3873736694845634	0.9292357066261401	0.9477543256309647	0.326003232540252	0.9580914356867284	0.4921849132556927	0.1395260451412419	0.10531604824117069	
0.6256759610791457	0.0	0.49597903762082696	0.9257154871975979	0.5068829520282062	0.49123141510380186	0.3415416131683856	0.12148204872379054	0.8694672091530986	0.4727881251798086	0.8213569314065273	0.5737311506560749	
0.6207945999032556	0.49597903762082696	0.0	0.4865677017554939	0.6811782249689126	0.7268446122762889	0.8634430461100404	0.773589444275173	0.0870872726339309	0.824911339965559	0.838833916788588	0.2819424730791127	
0.6075172699423771	0.9257154871975979	0.4865677017554939	0.0	0.7788109342670119	0.14493000691572566	0.6535724201968894	0.4080502207232015	0.058477884813118	0.034950396617744794	0.5045010093991446	0.5481574090716695	
0.3873736694845634	0.5068829520282062	0.6811782249689126	0.7788109342670119	0.0	0.5910271237688467	0.1306421908099058	0.0516335758233174	0.24690186919648283	0.43151638635930933	0.5858003591621451	0.8672488503070699	
0.9292357066261401	0.49123141510380186	0.7268446122762889	0.14493000691572566	0.5910271237688467	0.0	0.6273521589368322	0.25522663710139826	0.43486420012690363	0.3404377784636794	0.1981350744944611	0.23561757881948864	
0.9477543256309647	0.3415416131683856	0.8634430461100404	0.6535724201968894	0.1306421908099058	0.6273521589368322	0.0	0.06290587750796428	0.11178233545252658	0.5384733304440199	0.7622755108998706	0.9513555862397245	
0.326003232540252	0.12148204872379054	0.773589444275173	0.4080502207232015	0.0516335758233174	0.25522663710139826	0.06290587750796428	0.0	0.5112201428861335	0.7945236364066091	0.14570731568137296	0.6194158566226307	
0.9580914356867284	0.8694672091530986	0.0870872726339309	0.058477884813118	0.24690186919648283	0.43486420012690363	0.11178233545252658	0.5112201428861335	0.0	0.1279495566077904	0.8936525965062937	0.1354399431300788	
0.4921849132556927	0.4727881251798086	0.824911339965559	0.034950396617744794	0.43151638635930933	0.3404377784636794	0.5384733304440199	0.7945236364066091	0.1279495566077904	0.0	0.9603781188673713	0.9345897039301699	
0.1395260451412419	0.8213569314065273	0.838833916788588	0.5045010093991446	0.5858003591621451	0.1981350744944611	0.7622755108998706	0.14570731568137296	0.8936525965062937	0.9603781188673713	0.0	0.773174897190453	
0.10531604824117069	0.5737311506560749	0.2819424730791127	0.5481574090716695	0.8672488503070699	0.23561757881948864	0.9513555862397245	0.6194158566226307	0.1354399431300788	0.9345897039301699	0.773174897190453	0.0	

0.2376802097903873	0.7571906815197204	0.5122337452714292	0.3667267633236071	0.11905998756612701	0.6432666076383854	0.3907140575531064	0.6215134596294095	0.8816718683084809	0.5048681261014469	0.1501638678827495	0.2818091554867942	
0.48741308499390246	0.14327113209769982	0.025736111110847393	0.03848755922969127	0.07367175362897005	0.22848216882648253	0.902297859073877	0.7247614976437514	0.8126898361755952	0.9391059950812495	0.4986971834721492	0.8251170237235881	
0.15862622592310227	0.8229284600982528	0.7588983349298483	0.2879252380852805	0.39531433449623987	0.008250453497273491	0.9943270884086173	0.3132707496842497	0.13696619455295278	0.018078396797899243	0.6391511127726689	0.6127319296096772	
0.579583401833718	0.21759747774777582	0.7038531372634368	0.6192922094473017	0.8525924611395739	0.35992387101384093	0.14233728641780596	0.2632584113942976	0.7782302846953967	0.7859525519427744	0.38394190810821904	0.2240060022468252	
0.7104632578847179	0.581187681168352	0.22411510966294268	0.017567646684294558	0.8957311666793243	0.39576315524967176	0.1161416421091408	0.8865258328809174	0.9745650156031659	0.6934302027422369	0.6611931480804464	0.22136642537853735	
0.8261355782831431	0.9111107602378574	0.7551062372981526	0.16139474141929744	0.9470476082642408	0.3826841265180334	0.41767556686383933	0.09851124862614957	0.9512018782161367	0.9089959808098786	0.8038823650132835	0.03858942446968261	
0.5793055778861135	0.5406481521154689	0.2763612010642368	0.16289355235961334	0.8146192970195052	0.4809486236229036	0.7045407462590412	0.47591931505320473	0.3157862364041927	0.013471049858829298	0.34827743242923315	0.12623569863658413	
0.3980976649962239	0.011993625769104344	0.7824329418875842	0.8433520306375948	0.2213061707089512	0.9001573438284151	0.3237302137063982	0.9463286756495264	0.6751059054736419	0.8940042079355849	0.33235479070921026	0.5487963704684667	
0.6926572635413134	0.9826257683654218	0.5781513465802502	0.9102431066386684	0.36804085498443373	0.3804735163851293	0.5848980953019984	0.36487406196549477	0.3052835403741204	0.11945184773996953	0.4960245850728655	0.8970445458202898	
0.08460743923499658	0.03973591161503898	0.5412711904402496	0.22621148947787995	0.5958099922207026	0.6853257139987133	0.6261713203997045	0.21454452000480861	0.2591915950835514	0.5136692440905603	0.9148702695830434	0.5167827020234474	
0.8312048111589436	0.38825672876859674	0.5316776053753275	0.6546183759730677	0.5750070046499443	0.5389094015700421	0.667882365112879	0.11683503016332042	0.06535607675315758	0.04655562915241118	0.44774353513090304	0.6616212805265782	
0.7927970690323087	0.43760813314219604	0.8812012393675265	0.7289283180638637	0.033844352513905496	0.15762600936188031	0.1107360493341839	0.7584336642481191	0.16187337401710056	0.5347658144722123	0.9459377005532474	0.25261927226120306	

0.0	0.3405960742907703	0.3717267314673999	0.6246672994262576	0.8392717250803775	0.2091700178160688	0.3148051609982546	0.22732214924684568	0.4168719410226235	0.9848217986709114	0.45779582681593634	0.47156319142148095	
0.3405960742907703	0.0	0.3016621530002467	0.6128767692996485	0.26435347215409577	0.6862932699292378	0.9943833767204104	0.6081128092036293	0.5138088934199557	0.720927415412676	0.667492731485597	0.427355458662271	
0.3717267314673999	0.3016621530002467	0.0	0.34293339475406837	0.5153175224284827	0.8043474895624576	0.9811060689520974	0.011639959641421393	0.6253989955401206	0.7181100866934816	0.530362496482981	0.6164292868442219	
0.6246672994262576	0.6128767692996485	0.34293339475406837	0.0	0.04949478094203785	0.622525386090554	0.6438829080164732	0.007769857322871054	0.6642313558818799	0.8083838567937471	0.5095263025685933	0.848302043883223	
0.8392717250803775	0.26435347215409577	0.5153175224284827	0.04949478094203785	0.0	0.6482912095583093	0.5090686413663374	0.6930876540600164	0.4811372220124155	0.6434476586614368	0.9797078798292238	0.7263241885057262	
0.2091700178160688	0.6862932699292378	0.8043474895624576	0.622525386090554	0.6482912095583093	0.0	0.5979314926529696	0.35656578972592223	0.6841299651123731	0.48200412928469005	0.2440068757172542	0.6613771000385479	
0.3148051609982546	0.9943833767204104	0.9811060689520974	0.6438829080164732	0.5090686413663374	0.5979314926529696	0.0	0.9065135322054859	0.27124583257736323	0.02310344398023656	0.20803344469897422	0.7527168913942223	
0.22732214924684568	0.6081128092036293	0.011639959641421393	0.007769857322871054	0.6930876540600164	0.35656578972592223	0.9065135322054859	0.0	0.00987242701084079	0.6289879624069822	0.07318955163090357	0.6953585358130135	
0.4168719410226235	0.5138088934199557	0.6253989955401206	0.6642313558818799	0.4811372220124155	0.6841299651123731	0.27124583257736323	0.00987242701084079	0.0	0.37173308231014657	0.44701597056917974	0.1673380511212561	
0.9848217986709114	0.720927415412676	0.7181100866934816	0.8083838567937471	0.6434476586614368	0.48200412928469005	0.02310344398023656	0.6289879624069822	0.37173308231014657	0.0	0.02340644214645149	0.9128872079190481	
0.45779582681593634	0.667492731485597	0.530362496482981	0.5095263025685933	0.9797078798292238	0.2440068757172542	0.20803344469897422	0.07318955163090357	0.44701597056917974	0.02340644214645149	0.0	0.9689998212945935	
0.47156319142148095	0.427355458662271	0.6164292868442219	0.848302043883223	0.7263241885057262	0.6613771000385479	0.7527168913942223	0.6953585358130135	0.1673380511212561	0.9128872079190481	0.9689998212945935	0.0	

188.51312544357026	257.1974120510604	126.74273736185089	78.8999843947663	
4.224080459853241	416.4715810190127	132.21414131979472	75.63487460703894	
85.30205926982289	131.46837150534895	81.78978112808156	122.26466267638193	
9.94642932655966	255.76726628903265	131.978608116588	75.76985499927491	
190.18975039289555	338.2289639290747	124.56740037668305	80.27782525573066	
395.52556712026086	296.71518253767056	109.52612286477259	91.302419353843	
233.78967955367236	178.18147316190164	130.97098761538146	76.35278760641782	
38.3368807118212	690.8201903687293	82.31498349988696	121.48456544383238	
364.99126810637034	542.2087894073744	113.30533934952504	88.25709412644655	
178.52584513480213	533.2519019422887	133.9984830830938	74.62771047787832	
508.8651713168348	413.3240316542282	127.21412667609002	78.60762213509348	
376.76941982984334	449.0617745013951	92.98063924545717	107.54927134455659	

-1.0	-1.0	94.76245599066016	105.52702434164017	
-1.0	-1.0	136.4628711922796	73.28000585529048	
-1.0	-1.0	118.94073846666487	84.07548270605926	
-1.0	-1.0	113.55095941947218	88.06618676869726	
-1.0	-1.0	112.33044187014802	89.02306296951828	
-1.0	-1.0	87.03088189154843	114.90174272232785	
-1.0	-1.0	88.52273281678798	112.96533310484898	
-1.0	-1.0	109.63257700164661	91.21376395129165	
-1.0	-1.0	120.72377810537371	82.8337230406383	
-1.0	-1.0	102.35778592714861	97.69652508034247	
-1.0	-1.0	122.91987054196646	81.35381168161797	
-1.0	-1.0	107.46382371813924	93.05457086869002	

188.51312544357026	233.52635076507335
136.43822177964796	352.9392432049053
85.30205926982289	106.46619528545875
9.94642932655966	191.59098513146648
291.2085357435651	257.9511386733441
505.0516899850335	237.91602867346575
293.54870165121633	101.82868555548384
99.9726614517327	690.8201903687293
478.29660745589536	476.57053638397895
206.88258202375863	458.6241914644104
508.8651713168348	396.89495155358094
443.2917002576605	341.51250315683853

0.0	0.890496965695056	0.5322566380743314	0.8029224477629986	0.3383682580667594	0.5584631717237868	0.12809308137461084	0.8828104196516524	0.2619592676597208	0.5730361481446034	0.26439893996457253	0.535015614241357	
0.890496965695056	0.0	0.15679355590483302	0.3513328816847624	0.5983153157930237	0.7249178479906593	0.6573273049759646	0.07287328217406608	0.6622950163519817	0.01223197404050369	0.4770133871882899	0.07456097606912004	
0.5322566380743314	0.15679355590483302	0.0	0.01400992480818597	0.15047903906986926	0.13751792140647323	0.6891374108802745	0.8939568399280352	0.4481753019541126	0.6077324091196046	0.7014751290741001	0.22199650220680933	
0.8029224477629986	0.3513328816847624	0.01400992480818597	0.0	0.07431417663250972	0.9707030210657825	0.5292265016723268	0.36015666498221766	0.31658714311953784	0.9859650148851123	0.28551753007704017	0.8866847722734531	
0.3383682580667594	0.5983153157930237	0.15047903906986926	0.07431417663250972	0.0	0.5979444190784265	0.3225621496545913	0.21698467283260392	0.8274624634181681	0.5821175177585202	0.28005177056345476	0.476239980224482	
0.5584631717237868	0.7249178479906593	0.13751792140647323	0.9707030210657825	0.5979444190784265	0.0	0.1784408486336274	0.5509789751539507	0.826963764541996	0.009009384812996069	0.29463822687493313	0.040156489435424825	
0.12809308137461084	0.6573273049759646	0.6891374108802745	0.5292265016723268	0.3225621496545913	0.1784408486336274	0.0	0.31182498969038797	0.7122435046083613	0.9530526706057153	0.04545979497697605	0.9313254636336955	
0.8828104196516524	0.07287328217406608	0.8939568399280352	0.36015666498221766	0.21698467283260392	0.5509789751539507	0.31182498969038797	0.0	0.019579899815217683	0.8689999274187608	0.6709621447809494	0.29961801176941993	
0.2619592676597208	0.6622950163519817	0.4481753019541126	0.31658714311953784	0.8274624634181681	0.826963764541996	0.7122435046083613	0.019579899815217683	0.0	0.5703724393800524	0.035833292865023014	0.5100337663494356	
0.5730361481446034	0.01223197404050369	0.6077324091196046	0.9859650148851123	0.5821175177585202	0.009009384812996069	0.9530526706057153	0.8689999274187608	0.5703724393800524	0.0	0.6082529948843675	0.3249836791905736	
0.26439893996457253	0.4770133871882899	0.7014751290741001	0.28551753007704017	0.28005177056345476	0.29463822687493313	0.04545979497697605	0.6709621447809494	0.035833292865023014	0.6082529948843675	0.0	0.4060967647114828	
0.535015614241357	0.07456097606912004	0.22199650220680933	0.8866847722734531	0.476239980224482	0.040156489435424825	0.9313254636336955	0.29961801176941993	0.5100337663494356	0.3249836791905736	0.4060967647114828	0.0	

0.3552625593214499	0.4578911833117082	0.7976428041388973	0.3511222624716981	0.4899735187621398	0.7039280730452359	0.24674729298133213	0.3367985444573537	0.6673889386198751	0.26801491670341293	0.25911881732322584	0.32992382515193264	
0.289654604331693	0.27341939090153256	0.9330117842292748	0.949377530586384	0.21223407052268695	0.7770527192466553	0.915206313567528	0.4457634142454725	0.9436566376518417	0.5352558883569459	0.1590510939333235	0.322766433803248	
0.498452985690614	0.514944445731179	0.0628208143247656	0.4975230380503701	0.7220347710621557	0.13512766070865012	0.05567984028465811	0.33121290809474024	0.754906992659243	0.830263136337098	0.875301016199455	0.920649361925613	
0.058484727112737	0.289603490526695	0.36419649727508596	0.7574662050654819	0.08591910141369219	0.6456368237605962	0.6010753917181615	0.2335696896076157	0.24871945847215615	0.9599180284092186	0.5790504278158107	0.49984364131083214	
0.30359226043328513	0.586033779972592	0.4442745506606588	0.8696668588407713	0.663799400235549	0.3771382120913891	0.5165949166455956	0.2996218835984138	0.42547190639322396	0.2494431064570244	0.9280707056078816	0.4768445984721723	
0.09169760706625973	0.3132404421871846	0.7357082489016664	0.6957842581442991	0.07583406121464509	0.6394812790996799	0.7915252910648621	0.01671446575222646	0.07038108623086647	0.7426297087428658	0.4860634385393573	0.16415496616964775	
0.2788799913623161	0.029456484518991077	0.7207263703874223	0.2454354565058583	0.32568920917904065	0.7886317025935091	0.1098283619012046	0.6479520602243547	0.3821190738632926	0.7774215452742432	0.46499660419933064	0.40823795080840664	
0.6772911609285888	0.09948941117526067	0.07257708688600517	0.9367899815071121	0.09822071258243592	0.8617468907630084	0.13895342197927618	0.22966278135710394	0.026002855421712545	0.04839541904919442	0.04919407106215545	0.6011631624911565	
0.9036168970740498	0.1567449300367868	0.7612025206816552	0.5315469605123775	0.2857452239587712	0.4020909583040171	0.740552190539146	0.4394416068438127	0.2821363891065669	0.7178768139600995	0.33044568387001194	0.060787248080631184	
0.3734247444598361	0.35256324946846984	0.3467459525665588	0.6444102564229123	0.5519518833103827	0.5960729056891078	0.9897846934276435	0.3589128201412639	0.6200176045702611	0.05637211104544271	0.8726611293459244	0.14638276676555262	
0.26412156663002495	0.9506984907873864	0.08000212615852897	0.7554981986378425	0.2161388059448155	0.07613729634226707	0.6916621883765305	0.8399214337970502	0.41100596854533766	0.4806955616671903	0.13260042736348665	0.8174477988937334	
0.5553771780435063	0.36871772197371544	0.043178332137441044	0.6511941986493586	0.9328416832050618	0.4434322449267404	0.10338073170755213	0.8361834112343032	0.5886780781602158	0.7146137859418538	0.3899701557261719	0.6530001976453224	

0.0	0.7807908627340637	0.39734216036180803	0.18476547468709126	0.5530543958399932	0.7331241259337902	0.8108573552766698	0.6844950451083586	0.8844828909500957	0.12202612977268845	0.48568350431991425	0.6269801220437392	
0.7807908627340637	0.0	0.8546892499078806	0.1826468764696807	0.18312426519765024	0.6829246184607576	0.16568800052082555	0.9104223401650188	0.8022395667412133	0.056644601432917385	0.5313393770400014	0.18245491302736516	
0.39734216036180803	0.8546892499078806	0.0	0.22560733657145093	0.8060377301158906	0.7718404508506458	0.36550494780364295	0.692961151146279	0.7499050245943256	0.3348322592307039	0.8359836699639128	0.3631407765758249	
0.18476547468709126	0.1826468764696807	0.22560733657145093	0.0	0.8971947197455976	0.5713513603776004	0.15621828012187522	0.6509793337995967	0.720670230850246	0.6697043270841636	0.5979740749084057	0.9453259552879255	
0.5530543958399932	0.18312426519765024	0.8060377301158906	0.8971947197455976	0.0	0.9951680238565787	0.24888496884684852	0.11132281751501738	0.6078274337993338	0.10479139370370705	0.4302768284581039	0.6666004003672488	
0.7331241259337902	0.6829246184607576	0.7718404508506458	0.5713513603776004	0.9951680238565787	0.0	0.8769555779537532	0.48428709454665775	0.6489832435575578	0.15451007011814277	0.5267826535105112	0.769867399686008	
0.8108573552766698	0.16568800052082555	0.36550494780364295	0.15621828012187522	0.24888496884684852	0.8769555779537532	0.0	0.8067266316651167	0.6250754419379585	0.4963806082696237	0.23523574473871145	0.17193256352048958	
0.6844950451083586	0.9104223401650188	0.692961151146279	0.6509793337995967	0.11132281751501738	0.48428709454665775	0.8067266316651167	0.0	0.2882839663011566	0.6663776757878821	0.9791285461798792	0.6255364928971401	
0.8844828909500957	0.8022395667412133	0.7499050245943256	0.720670230850246	0.6078274337993338	0.6489832435575578	0.6250754419379585	0.2882839663011566	0.0	0.28399447872636663	0.8664223096073832	0.2720170465771654	
0.12202612977268845	0.056644601432917385	0.3348322592307039	0.6697043270841636	0.10479139370370705	0.15451007011814277	0.4963806082696237	0.6663776757878821	0.28399447872636663	0.0	0.9372112416109069	0.9788580637483814	
0.48568350431991425	0.5313393770400014	0.8359836699639128	0.5979740749084057	0.4302768284581039	0.5267826535105112	0.23523574473871145	0.9791285461798792	0.8664223096073832	0.9372112416109069	0.0	0.8222014106083401	
0.6269801220437392	0.18245491302736516	0.3631407765758249	0.9453259552879255	0.6666004003672488	0.769867399686008	0.17193256352048958	0.6255364928971401	0.2720170465771654	0.9788580637483814	0.8222014106083401	0.0	

261.0993372792374	363.46291322027025	87.19423554454264	114.68648056317394	
130.58268389096338	613.7823976654539	78.13189761537922	127.98869994463867	
20.637804015899405	459.58813103983715	87.03558520563598	114.89553354956303	
111.49499327674621	198.23873801465868	93.7009829809265	106.72246631644805	
114.79114611960614	459.3582077101046	134.83120408003018	74.16680781152424	
2.391139293794282	574.1306333723727	124.25189846431986	80.48166767344482	
498.1822473488304	353.47018252822784	98.57207122563693	101.44861394978143	
206.1253473512217	163.94703664681754	140.4548594103166	71.19725185717203	
378.31773264353	485.71011182662073	110.15941949256644	90.77752992947462	
393.87524660174535	162.1111191084807	71.30964319781508	140.23348808883676	
261.55925522181803	591.2973515425139	85.9317313704971	116.3714478983871	
598.9007914350946	173.21807072868728	87.18178695751025	114.70285651375436	

-1.0	-1.0	90.43517179503799	110.57644721087024	
-1.0	-1.0	70.7792511630758	141.2843430196788	
-1.0	-1.0	83.10015493579414	120.33671907984194	
-1.0	-1.0	134.02388521714664	74.61356596100698	
-1.0	-1.0	71.09678596086574	140.65333425204852	
-1.0	-1.0	126.76768332662277	78.88445806992102	
-1.0	-1.0	113.03226297906627	88.47031578808621	
-1.0	-1.0	130.4881334667624	76.63532103896002	
-1.0	-1.0	138.8348741744424	72.02801212204983	
-1.0	-1.0	115.303289633762	86.72779442601346	
-1.0	-1.0	130.4421135332996	76.66235795425972	
-1.0	-1.0	111.6084231298764	89.59897218835543	

280.7767242150199	248.77643265709628
169.55879673205445	485.7936977208152
107.67338922153539	426.7629033187582
205.19597625767273	151.77862745651635
114.79114611960614	424.3175828631096
47.22562472762624	493.64896569892784
541.2588119311081	252.02156857844642
307.43054255640163	163.94703664681754
450.36334110485626	485.71011182662073
451.1010190438465	162.1111191084807
261.55925522181803	563.7900273211748
605.8782733786926	58.51521421493294

0.0	0.21547056794257935	0.3849783586175478	0.4945009129516107	0.925246967387675	0.2315871945117418	0.24035411696122244	0.4500342406912079	0.4555176708270574	0.4940673766720888	0.9714138892829847	0.33768221243638596	
0.21547056794257935	0.0	0.6149757877517126	0.615968329698524	0.7037974534917385	0.9289436424965586	0.2021166982768704	0.1599833170804006	0.0017051170883197742	0.5006742798181577	0.9243300303968757	0.5089773593662829	
0.3849783586175478	0.6149757877517126	0.0	0.8254361073887325	0.7385740957663618	0.7691430012208176	0.8313031410809522	0.6385471953817479	0.004285233671860067	0.7745348714513437	0.9064257795196391	0.36390903691649124	
0.4945009129516107	0.615968329698524	0.8254361073887325	0.0	0.05931516965108474	0.11881458600767048	0.2040273774753164	0.9656034046975366	0.6633375159358142	0.5888823041042792	0.5559844947023638	0.7672669008482471	
0.925246967387675	0.7037974534917385	0.7385740957663618	0.05931516965108474	0.0	0.07496604897830217	0.18109460428064506	0.6711358481294987	0.757364972181411	0.43222778991197375	0.491100975988911	0.4669005051257513	
0.2315871945117418	0.9289436424965586	0.7691430012208176	0.11881458600767048	0.07496604897830217	0.0	0.5606980141145741	0.9847550932785659	0.4273188420241051	0.7472832147290577	0.3508203187965001	0.04127479758319641	
0.24035411696122244	0.2021166982768704	0.8313031410809522	0.2040273774753164	0.18109460428064506	0.5606980141145741	0.0	0.34866638360017543	0.04890830739888252	0.9480562432489383	0.165970607103045	0.48098728592191586	
0.4500342406912079	0.1599833170804006	0.6385471953817479	0.9656034046975366	0.6711358481294987	0.9847550932785659	0.34866638360017543	0.0	0.3962886108107142	0.9619134089191167	0.7701080118451119	0.6700856245570361	
0.4555176708270574	0.0017051170883197742	0.004285233671860067	0.6633375159358142	0.757364972181411	0.4273188420241051	0.04890830739888252	0.3962886108107142	0.0	0.6029775312868613	0.7158759523073533	0.7957192328412039	
0.4940673766720888	0.5006742798181577	0.7745348714513437	0.5888823041042792	0.43222778991197375	0.7472832147290577	0.9480562432489383	0.9619134089191167	0.6029775312868613	0.0	0.6357126138475393	0.946104504382913	
0.9714138892829847	0.9243300303968757	0.9064257795196391	0.5559844947023638	0.491100975988911	0.3508203187965001	0.165970607103045	0.7701080118451119	0.7158759523073533	0.6357126138475393	0.0	0.8569781789907253	
0.33768221243638596	0.5089773593662829	0.36390903691649124	0.7672669008482471	0.4669005051257513	0.04127479758319641	0.48098728592191586	0.6700856245570361	0.7957192328412039	0.946104504382913	0.8569781789907253	0.0	

0.4580786675753973	0.3493623863966737	0.10087796640743929	0.06523359732648915	0.30362904503807886	0.6037160568141361	0.40941263935300887	0.1275574404762102	0.46233885495092486	0.21856192056189894	0.42391128049418436	0.32952904157300444	
0.9784954613942711	0.16840416337980602	0.4020675981019777	0.19285914718617259	0.9455500290632224	0.4473424785519261	0.6185073411807006	0.8300350519537711	0.8900386042655066	0.6561888912439889	0.9687397514586142	0.912207571684724	
0.1281336557437036	0.6498693446142952	0.23160664510057227	0.5337428161994072	0.7334064752915146	0.06166849799891838	0.11953242233884698	0.5658763318560877	0.962388414790853	0.8616973739163872	0.5320106193379512	0.6358523291691563	
0.5987773367084632	0.1040328968583144	0.6201456149226712	0.5681272128549978	0.6976422715543064	0.6702993902953512	0.3687009657418535	0.9806601836069716	0.6377387872837166	0.12703187800948068	0.4069885372114136	0.7420104072796221	
0.2230536044243162	0.7799818665428034	0.6710656010157084	0.16390514116369903	0.8139562870529273	0.6305960363636004	0.3570895038783476	0.12913792268677038	0.11384253257969879	0.21821905625744098	0.32931279235199684	0.8361023854289268	
0.2889124111856609	0.2661418150186001	0.7760842995044925	0.4789614623869527	0.5567335473691637	0.6404367202216836	0.4433542427409134	0.9763977349703854	0.24349829584496208	0.3775919582649495	0.21756465226085364	0.8120858805658815	
0.5803908822517656	0.44027705591974	0.17843897159204802	0.1564731428075552	0.18623834030022213	0.4201424332714765	0.49706756285281284	0.7021495847252055	0.26662782152892717	0.6223755633712795	0.715818692643959	0.06403476776795025	
0.04892927798147184	0.8388072856449212	0.013987205843148609	0.17080306844545867	0.8681712710350643	0.6446815378544936	0.03672631873379373	0.8054148621963476	0.6204754332430964	0.23877248054972677	0.7446902748292655	0.34031677610065625	
0.00876244084197364	0.6873531536607241	0.527948690282602	0.7568184708927865	0.11970059852226433	0.9295901275265651	0.5201163321289224	0.23834974329784286	0.3913756560480097	0.055258717695736204	0.6472746727807606	0.9837465955315409	
0.9579185796280641	0.17524432696061132	0.4511442058133903	0.3994099837030268	0.6903356614194732	0.6711148112006519	0.1371001597134056	0.49812688649211356	0.9920430003088346	0.7321198053700654	0.6150057041696863	0.15753813308202913	
0.5531154434058165	0.8662931591779424	0.5244709995504243	0.8726829426597517	0.8190180785575552	0.5069045551141929	0.36602805550926476	0.7747454180752313	0.8875952556710568	0.9263271022576891	0.8958450628659376	0.9820736909084623	
0.9123514500905199	0.41645793626402816	0.8839860826344911	0.7997373040725568	0.8605644022764221	0.09814899649945086	0.18485499720304321	0.8903342312978338	0.651530207566779	0.7816754040809462	0.8233456316389876	0.30145404616986204	

0.0	0.01608988525152122	0.4613524908679838	0.15414886718800103	0.5451015811608603	0.8373807610527016	0.17667927180375675	0.8719593709132036	0.30963264086745723	0.753672582298403	0.9600157497317006	0.06148817569063658	
0.01608988525152122	0.0	0.7155355701983367	0.5432085053615755	0.6233941304371629	0.9582294433630562	0.8368010454758386	0.5751409494190177	0.8252970246990076	0.3069924715299709	0.6220433675308241	0.012226952537936264	
0.4613524908679838	0.7155355701983367	0.0	6.724849754383699E-4	0.35897044607338124	0.36423570102530456	0.1745319788764107	0.8192310584357686	0.6940087266234101	0.5203730241286494	0.744822398850966	0.6483403397116595	
0.15414886718800103	0.5432085053615755	6.724849754383699E-4	0.0	0.2547126545566276	0.30340355128176666	0.20787017208836245	0.008498890639637047	0.9477345479891381	0.09966087481546604	0.4598564581246707	0.9695829844343157	
0.5451015811608603	0.6233941304371629	0.35897044607338124	0.2547126545566276	0.0	0.793490066320086	0.17278711666011004	0.1942148606032238	0.42173077708083717	0.7342753930562429	0.883497112916142	0.781288406807179	
0.8373807610527016	0.9582294433630562	0.36423570102530456	0.30340355128176666	0.793490066320086	0.0	0.21125614803708992	0.9832209531197053	0.9067857748087799	0.13568408542227295	0.46660795069637373	0.8612772086707312	
0.17667927180375675	0.8368010454758386	0.1745319788764107	0.20787017208836245	0.17278711666011004	0.21125614803708992	0.0	0.6174193880598372	0.7991705839781108	0.4685525218842469	0.8216273396579031	0.39476021529567906	
0.8719593709132036	0.5751409494190177	0.8192310584357686	0.008498890639637047	0.1942148606032238	0.9832209531197053	0.6174193880598372	0.0	0.06857997093951296	0.2260519543402535	0.22963636096687867	0.6227625185824325	
0.30963264086745723	0.8252970246990076	0.6940087266234101	0.9477345479891381	0.42173077708083717	0.9067857748087799	0.7991705839781108	0.06857997093951296	0.0	0.9103777839765502	0.0349207408943536	0.6622901631512452	
0.753672582298403	0.3069924715299709	0.5203730241286494	0.09966087481546604	0.7342753930562429	0.13568408542227295	0.4685525218842469	0.2260519543402535	0.9103777839765502	0.0	0.8581487869990726	0.9379057689113085	
0.9600157497317006	0.6220433675308241	0.744822398850966	0.4598564581246707	0.883497112916142	0.46660795069637373	0.8216273396579031	0.22963636096687867	0.0349207408943536	0.8581487869990726	0.0	0.6145755913290458	
0.06148817569063658	0.012226952537936264	0.6483403397116595	0.9695829844343157	0.781288406807179	0.8612772086707312	0.39476021529567906	0.6227625185824325	0.6622901631512452	0.9379057689113085	0.6145755913290458	0.0	

225.32003802259686	406.0128177202108	112.54067690819812	88.85676072623251	
514.7613203666698	450.1579762816115	110.75464838854502	90.28966409534705	
227.29457058808393	195.61620511403044	109.74239704559784	91.12248565014497	
23.251351837247462	191.26905619540298	137.00626346694537	72.98936374841459	
29.66733748222444	377.3980615543703	91.09874266587175	109.77099910892943	
359.6168034512229	97.91706380635674	109.75864534615137	91.10899618396797	
345.2140847471918	450.0281245989906	75.50362254994987	132.44397635867657	
24.084039310200858	596.0903401358809	91.1375439396489	109.72426475111047	
370.5861556849423	595.3528944715789	92.26351713055928	108.3852026348541	
149.11807393340325	431.7024569336496	74.6172514976272	134.01726543516546	
339.8159217272708	283.2441969784362	116.9766976567804	85.48711153858055	
35.10758437494489	94.66557639057987	125.38573200412073	79.7538909743842	

-1.0	-1.0	74.45647984780403	134.3066449077492	
-1.0	-1.0	135.9866590844684	73.53662533755225	
-1.0	-1.0	86.11073991463572	116.12953285401234	
-1.0	-1.0	117.75298866404366	84.92353454000731	
-1.0	-1.0	111.15581765549626	89.96380226352943	
-1.0	-1.0	88.41422291493359	113.10397434156435	
-1.0	-1.0	79.04251850089916	126.5141874228899	
-1.0	-1.0	123.28986585271228	81.10966729371299	
-1.0	-1.0	102.36980240882873	97.68505716230204	
-1.0	-1.0	139.41456677975955	71.7285161155184	
-1.0	-1.0	127.7532986766308	78.27586530905948	
-1.0	-1.0	77.00883311806109	129.8552334206798	

225.32003802259686	405.41007285311383
625.5159687552148	414.035114669522
227.29457058808393	106.18775356690696
23.251351837247462	145.09467078762054
29.66733748222444	310.8525398165737
452.6160875723084	6.808067622388762
365.3406223403828	317.584148240314
79.19846303158269	596.0903401358809
403.24829927841336	486.96769183672484
162.78753809749284	297.6851914984842
456.7926193840512	244.6521589881835
121.48849168290349	14.911685416195724

0.0	0.3733969538065631	0.8135794759656831	0.6882242743444742	0.7868293136364174	0.9377157316056853	0.062370395948075696	0.5223985017388746	0.498314868282557	0.706291963884777	0.7381967860121389	0.883110200538098	
0.3733969538065631	0.0	0.6309703910165328	0.07999005851510066	0.5597327430485604	0.742905963098956	0.5904335023429191	0.743935591920672	0.17507381996462745	0.5702786150827243	0.3063906734793048	0.5825267548110562	
0.8135794759656831	0.6309703910165328	0.0	0.13743752158149447	0.12337385490958386	0.006454655370598084	0.0807486711831702	0.9170430644891326	0.05203852011258292	0.40419738535017025	0.3441291626215979	0.9307421432315347	
0.6882242743444742	0.07999005851510066	0.13743752158149447	0.0	0.05725045413487817	0.7186132019395085	0.10051992650482355	0.8756162390661801	0.1841035109928577	0.7967571203749416	0.2393736910774268	0.902416255349702	
0.7868293136364174	0.5597327430485604	0.12337385490958386	0.05725045413487817	0.0	0.8409732562180162	0.5710233704690747	0.9599106821677246	0.027467400228042504	0.6850226387617727	0.4186039889995954	0.46531331630398	
0.9377157316056853	0.742905963098956	0.006454655370598084	0.7186132019395085	0.8409732562180162	0.0	0.14275279852209144	0.09218337970825363	0.8357321708391838	0.2715470725399346	0.3170250905926766	0.4943133508715336	
0.062370395948075696	0.5904335023429191	0.0807486711831702	0.10051992650482355	0.5710233704690747	0.14275279852209144	0.0	0.05973600768584686	0.7829435147430688	0.23955883870158812	0.6645367055270572	0.1925389814664713	
0.5223985017388746	0.743935591920672	0.9170430644891326	0.8756162390661801	0.9599106821677246	0.09218337970825363	0.05973600768584686	0.0	0.16754582478531188	0.6052842913015638	0.7378254166559197	0.22928391662919645	
0.498314868282557	0.17507381996462745	0.05203852011258292	0.1841035109928577	0.027467400228042504	0.8357321708391838	0.7829435147430688	0.16754582478531188	0.0	0.09043183187532866	0.8431972148676812	0.8014996080273644	
0.706291963884777	0.5702786150827243	0.40419738535017025	0.7967571203749416	0.6850226387617727	0.2715470725399346	0.23955883870158812	0.6052842913015638	0.09043183187532866	0.0	0.12777653330977434	0.7914171313483048	
0.7381967860121389	0.3063906734793048	0.3441291626215979	0.2393736910774268	0.4186039889995954	0.3170250905926766	0.6645367055270572	0.7378254166559197	0.8431972148676812	0.12777653330977434	0.0	0.12745129191981308	
0.883110200538098	0.5825267548110562	0.9307421432315347	0.902416255349702	0.46531331630398	0.4943133508715336	0.1925389814664713	0.22928391662919645	0.8014996080273644	0.7914171313483048	0.12745129191981308	0.0	

0.23185022306061198	0.16857562271518634	0.7652606723572778	0.9052767338775093	0.22055494596169534	0.8390529934785346	0.7482760378051505	0.813247313794699	0.06720532260941425	0.7430849399677115	0.4008401360384638	0.3266598960569994	
0.05131753229565894	0.018264654926327673	0.336512081623099	0.8299114239134298	0.3767977035499588	0.9556542820273144	0.8647713303895056	0.958305090058789	0.3327255266528212	0.9257876012274856	0.7255838808986574	0.6542663277153498	
0.046260129450318876	0.31001030434682575	0.04897922733902382	0.8775322618743843	0.0751347930652706	0.9368224759341525	0.14501547860992148	0.2995454673934633	0.904590978346078	0.8480825803316739	0.3750174515331771	0.5906031013083315	
0.13723365559575096	0.7013780448534276	0.4067307034717661	0.8428826456926215	0.7941740264663686	0.7525627373154248	0.6140421394234572	0.26328598721375907	0.681957420900368	0.1564066959322139	0.24617559204478423	0.5171137294391903	
0.22215794380028853	0.27349920038937814	0.26177858534238074	0.006902094891152899	0.4891533422017387	0.7779912144004054	0.40007445825300536	0.9303249148829932	0.45647714038907883	0.6234587829685587	0.14426175559023635	0.1768836670454439	
0.6132774121008664	0.3431141037197162	0.7216003504694927	0.995178736923185	0.17979469698390038	0.7357864859110169	0.1801321129092074	0.8908755726310688	0.12440397304997142	0.720540622302619	0.8837412808041373	0.4000492166312677	
0.06464904130633597	0.030494691918713568	0.47526764610351546	0.2234118329829179	0.9208297042779148	0.4603468736039209	0.4716435851509396	0.7039973365934834	0.8830856325426796	0.5823129158712275	0.1755337185452579	0.7841979638913487	
0.8515531453537963	0.20162415680234835	0.5147135825622572	0.3876181118259271	0.014054413788884501	0.3354295287885585	0.7534319208972274	0.6370304628418908	0.6369107116833393	0.1678908784217651	0.7592587062427942	0.4417904383340332	
0.4618549879812287	0.25945662352484555	0.6544288637895537	0.766384878673689	0.3256510252253142	0.2697431054495234	0.23244953550113412	0.3263611137296465	0.7489101503696995	0.5911493281305636	0.4787466098715152	0.5487035321069873	
0.2767281953476479	0.5842753359730587	0.8983837891928809	0.3807940704163043	0.2961494126941897	0.5564105189181815	0.12439564372245926	0.9354142424373161	0.9040957762529245	0.23080233692422558	0.45703365783914596	0.018816297712322738	
0.15428365130940613	0.21711278306122728	0.567231937482147	0.30471113629726543	0.6727823562678884	0.9124136473042278	0.5868577212189614	0.28909157537870367	0.1992519556250404	0.33726829218910237	0.2038188840245887	0.18912908004801998	
0.08453024465633552	0.6428918125454792	0.18185864235484217	0.6339532043488102	0.1551223529994853	0.4130780270256559	0.9328760802187842	0.3359426403381869	0.6412782336017456	0.4285255684036361	0.38386784743717395	0.9282272371064384	

0.0	0.2613919607575955	0.4010953670219827	0.8074211814473168	0.024770012777749262	0.9243493902134265	0.4608386135746485	0.1301770284307836	0.022314507355012836	0.8111106949570142	0.08910614620177804	0.07797108590803559	
0.2613919607575955	0.0	0.8319286323553915	0.12660097403337844	0.42849743434767307	0.9920605804271997	0.1633705666971712	0.33519634194573744	0.6447625899412227	0.07510470471805053	0.7901534040507804	0.6041139672328576	
0.4010953670219827	0.8319286323553915	0.0	0.44190902812214117	0.30163205547818184	0.9725821956292329	0.7233916869087872	0.028644433742045283	0.5929509968352503	0.39340003844092064	0.6948063040702508	0.2661205736432115	
0.8074211814473168	0.12660097403337844	0.44190902812214117	0.0	0.9545999161412397	0.48319510637012053	0.5697714815452207	0.3360453917729713	0.19057278186904092	0.9057345686189983	0.011487079081219154	0.019778213290244206	
0.024770012777749262	0.42849743434767307	0.30163205547818184	0.9545999161412397	0.0	0.013219302560877333	0.3480206078038599	0.13591823796826052	0.9441584443208942	0.3869254781740862	0.6049314917257802	0.738263727105706	
0.9243493902134265	0.9920605804271997	0.9725821956292329	0.48319510637012053	0.013219302560877333	0.0	0.9632145709498284	0.7638285339343837	0.6527297831005323	0.7864305912391707	0.7393984206243759	0.17814921836649544	
0.4608386135746485	0.1633705666971712	0.7233916869087872	0.5697714815452207	0.3480206078038599	0.9632145709498284	0.0	0.29615638086136686	0.46241213851732177	0.08280984007807424	0.031440802904046716	0.42640021875461653	
0.1301770284307836	0.33519634194573744	0.028644433742045283	0.3360453917729713	0.13591823796826052	0.7638285339343837	0.29615638086136686	0.0	0.4621663861670734	0.2218558026581826	0.3797854342118755	0.3427397929713365	
0.022314507355012836	0.6447625899412227	0.5929509968352503	0.19057278186904092	0.9441584443208942	0.6527297831005323	0.46241213851732177	0.4621663861670734	0.0	0.7011062173845397	0.5041273079476437	0.7588229989281757	
0.8111106949570142	0.07510470471805053	0.39340003844092064	0.9057345686189983	0.3869254781740862	0.7864305912391707	0.08280984007807424	0.2218558026581826	0.7011062173845397	0.0	0.8076514000669008	0.41148574794774373	
0.08910614620177804	0.7901534040507804	0.6948063040702508	0.011487079081219154	0.6049314917257802	0.7393984206243759	0.031440802904046716	0.3797854342118755	0.5041273079476437	0.8076514000669008	0.0	0.7719031910780161	
0.07797108590803559	0.6041139672328576	0.2661205736432115	0.019778213290244206	0.738263727105706	0.17814921836649544	0.42640021875461653	0.3427397929713365	0.7588229989281757	0.41148574794774373	0.7719031910780161	0.0	

377.31686023138684	224.65877758650652	89.31758760459856	111.96003237648064	
535.067829142284	214.40504248492408	107.77986361493346	92.78170953831535	
549.8093976092664	659.5246891325322	91.54937031648016	109.230680292291	
201.4625630134651	656.3861451164541	94.32276292654979	106.01894696179664	
551.8988069666971	352.29641067854055	117.37692370418263	85.19562180043451	
297.1463093285515	187.9773957279706	71.79067677214822	139.29385331939903	
63.758263003994045	345.65586387270025	138.36848107162442	72.27079406056099	
343.57433690054785	549.0978023875847	93.6819504926666	106.74414812469983	
319.35745942740203	332.63710137371	112.36379259907179	88.99664000912878	
488.0336591444136	79.7722852900788	130.82674975768504	76.43696735202717	
117.60747329432877	154.69384807486244	82.83351679394829	120.72407869480422	
434.029720885054	331.5523470948646	114.64464076285728	87.2260572623279	

-1.0	-1.0	108.38744935134585	92.26160464007478	
-1.0	-1.0	115.57924254899834	86.52072620877948	
-1.0	-1.0	116.60551689026352	85.75923564071944	
-1.0	-1.0	124.10789714005868	80.57504985935556	
-1.0	-1.0	124.96077596761621	80.02511126044476	
-1.0	-1.0	130.65462075702044	76.53766810587655	
-1.0	-1.0	70.94678386727546	140.95071622566599	
-1.0	-1.0	137.10386621920938	72.9374034136385	
-1.0	-1.0	122.0726846769694	81.91840808991915	
-1.0	-1.0	119.9144395407283	83.39279271370445	
-1.0	-1.0	94.5131964629851	105.8053306229715	
-1.0	-1.0	121.38722365292794	82.38099281842166	

377.31686023138684	179.91585884137714
612.7098807661839	214.40504248492408
549.8093976092664	552.4403380322481
201.4625630134651	554.8045722773705
551.8988069666971	321.6263501406756
297.1463093285515	154.41990708064998
202.12674407561846	304.7932971912397
409.8823303731569	549.0978023875847
403.8053359716042	332.63710137371
509.37582060590887	3.3353179380516167
117.60747329432877	59.611631196558164
548.6743616479113	319.174664686095

0.0	0.6660065519212967	0.1816942768488612	0.02612524153460971	0.6517755739285658	0.9330554098298729	0.25328421658499145	0.12361840563429516	0.9701052981491558	0.8167794193544663	0.8038812159996084	0.7012804726953412	
0.6660065519212967	0.0	0.3161493909710331	0.8446040440714007	0.460494954849081	0.6587818371080055	0.14318755664591432	0.8767909574709144	0.5395052375764333	0.6288184695539634	0.31437245413249404	0.3685504827758429	
0.1816942768488612	0.3161493909710331	0.0	0.7736575025811432	0.11539709319014646	0.39087169587822657	0.8311707514448472	0.7153259513061847	0.41821208553511136	0.9103606295119709	0.14439427273526206	0.5861471903894315	
0.02612524153460971	0.8446040440714007	0.7736575025811432	0.0	0.03221308686254176	0.7743268627722482	0.035518691513117484	0.9308491116151838	0.8633908193065736	0.6124484147148023	0.5111362589589769	0.7676888884917934	
0.6517755739285658	0.460494954849081	0.11539709319014646	0.03221308686254176	0.0	0.021966846967563125	0.34735898149032995	0.0011405417870118395	0.5909256684904474	0.7020060903572106	0.5326891070865122	0.7261894359550544	
0.9330554098298729	0.6587818371080055	0.39087169587822657	0.7743268627722482	0.021966846967563125	0.0	0.1623550340767972	0.8652410541992649	0.7464766622211718	0.3403650402109112	0.8107836278301181	0.9862197088303147	
0.25328421658499145	0.14318755664591432	0.8311707514448472	0.035518691513117484	0.34735898149032995	0.1623550340767972	0.0	0.0640266423748852	0.34882348105933003	0.7071186420456871	0.8165818400095345	0.22951183216407534	
0.12361840563429516	0.8767909574709144	0.7153259513061847	0.9308491116151838	0.0011405417870118395	0.8652410541992649	0.0640266423748852	0.0	0.7650363741020867	0.642860112606909	0.5995089292803983	0.6447279123303404	
0.9701052981491558	0.5395052375764333	0.41821208553511136	0.8633908193065736	0.5909256684904474	0.7464766622211718	0.34882348105933003	0.7650363741020867	0.0	0.5626770803219623	0.06274806411537548	0.4335595271451059	
0.8167794193544663	0.6288184695539634	0.9103606295119709	0.6124484147148023	0.7020060903572106	0.3403650402109112	0.7071186420456871	0.642860112606909	0.5626770803219623	0.0	0.49140256954081907	0.6755207217839644	
0.8038812159996084	0.31437245413249404	0.14439427273526206	0.5111362589589769	0.5326891070865122	0.8107836278301181	0.8165818400095345	0.5995089292803983	0.06274806411537548	0.49140256954081907	0.0	0.17274112807019826	
0.7012804726953412	0.3685504827758429	0.5861471903894315	0.7676888884917934	0.7261894359550544	0.9862197088303147	0.22951183216407534	0.6447279123303404	0.4335595271451059	0.6755207217839644	0.17274112807019826	0.0	

0.2706977375634735	0.27157458061145734	0.9509033549693461	0.062168966559120076	0.3767431203181144	0.8428535385113356	0.30731071482985384	0.5828887025930098	0.13657242875694875	0.6637217723801978	0.45043242867891253	0.11178646286440952	
0.13828719209902995	0.5144328406297435	0.7666360721474845	0.783709930092273	0.6981511822181078	0.5381796816801548	0.9833303265018154	0.8873953073483482	0.5714682153154834	0.16794763076247343	0.16931587586961494	0.23801645120598702	
0.7337162329264122	0.2862285833220569	0.3110840262531135	0.4505186929806442	0.7523537705516129	0.5269293642385603	0.8355769660012405	0.5333230971110865	0.94647311120714	0.18837611730467219	0.7048064786244861	0.4846831142936152	
0.6144817948146672	0.4421382131764693	0.8688607173807127	0.9929199780688868	0.09925235173783642	0.3944645709162946	0.9312109546069582	0.916959373253197	0.3556875703856601	0.08544595967205704	0.8538642177917735	0.9550366095490861	
0.9874069486799293	0.6955872730563369	0.40978894852654635	0.7971329394333427	0.4272670417506236	0.07029366628261557	0.876175289811673	0.10065140837608066	0.05068700489976474	0.16984533500275523	0.1544729291262077	0.8290351082671148	
0.5312579700440077	0.20575531519188284	0.10178329144133025	0.8494771998708376	0.6748726395384188	0.033975886169352654	0.36306530935857484	0.19856588333242164	0.30161994642274115	0.8412385217592303	0.4047465167016979	0.0936543939658212	
0.48394635602537817	0.282883329651328	0.7677146963548627	0.5929400785997667	0.5950944981310152	0.008853968323328187	0.7812975426464278	0.7886828214435031	0.1735862700715709	0.9491044308269909	0.10972071027804098	0.5556878869749264	
0.5675267184562396	0.8204842094780812	0.5386679474720256	0.17112373181376128	0.686761481693231	0.06423896497968573	0.3519488135052692	0.5719409267761865	0.9614295872810074	0.8265837554614576	0.496913515207591	0.6226028769254722	
0.7822105065143359	0.6543767744607482	0.49213610357156334	0.5285353477551805	0.2805721079577135	0.2937410625232606	0.6920209418834009	0.44964626378398764	0.29658460919264507	0.3515527750930222	0.09036951877026944	0.4434629710480562	
0.7773727475856291	0.6080342698572424	0.31857788136674925	0.09887961242850907	0.6510365742374717	0.45326103800724327	0.8740177451184397	0.6092019031049826	0.4288791499548832	0.2612114684258	0.9002869210812062	0.5771228862742146	
0.4030367496136321	0.5120590768288831	0.033397833998433324	0.544457679941109	0.32711573489702495	0.12672684207375395	0.9266052736436483	0.09591098292721645	0.8941973677862821	0.7872938314862096	0.07145805015183515	0.3988464637133783	
0.15958005644907036	0.9826643528785407	0.4437910652078627	0.20997209443823162	0.29488633140057574	0.1409805605135458	0.32075807109572163	0.705051266009916	0.7056693324050294	0.48857946921771145	0.3386376265694686	0.969194623837372	

0.0	0.2098655743269363	0.4910276627565985	0.6229825782953661	0.5248185168507187	0.07329094377719558	0.30317710740521475	0.853614442587416	0.3515592441516022	0.9357045205351033	0.8605854664820991	0.07047470427386471	
0.2098655743269363	0.0	0.7186345291287497	0.5109530256206806	0.2142607352756496	0.7857871761146441	0.9748986422461572	0.3850489287438583	0.24728301191718827	0.650341629323087	0.9469134849772185	0.5662384944660158	
0.4910276627565985	0.7186345291287497	0.0	0.41127485495936233	0.3124838861717768	0.9806800323308618	0.7678950423950361	0.02304009768045956	0.8719932184651514	0.41663792129459976	0.852999101694619	0.15826115683057684	
0.6229825782953661	0.5109530256206806	0.41127485495936233	0.0	0.29114492873493625	0.7984563400481488	0.44610201677529815	0.4218069215162612	0.6219274914315015	0.7673710357455601	0.1981106619852817	0.003128875679097476	
0.5248185168507187	0.2142607352756496	0.3124838861717768	0.29114492873493625	0.0	0.4783036958134229	0.949689656771117	0.4605899369490446	0.4332244495734636	0.10060294360110134	0.6605227220230149	0.5070081023474771	
0.07329094377719558	0.7857871761146441	0.9806800323308618	0.7984563400481488	0.4783036958134229	0.0	0.3125268383648331	0.5989502526975942	0.46616846990647176	0.5046821962495549	0.42078212095736056	0.9423647405915265	
0.30317710740521475	0.9748986422461572	0.7678950423950361	0.44610201677529815	0.949689656771117	0.3125268383648331	0.0	0.7471946739809465	0.6008330554266247	0.9602648752081885	0.360418753593452	0.324347003908635	
0.853614442587416	0.3850489287438583	0.02304009768045956	0.4218069215162612	0.4605899369490446	0.5989502526975942	0.7471946739809465	0.0	0.17084996745464187	0.1475957563854151	0.278277118138916	0.2472406482125441	
0.3515592441516022	0.24728301191718827	0.8719932184651514	0.6219274914315015	0.4332244495734636	0.46616846990647176	0.6008330554266247	0.17084996745464187	0.0	0.6156103691098944	0.36027844435652256	0.11285116542295215	
0.9357045205351033	0.650341629323087	0.41663792129459976	0.7673710357455601	0.10060294360110134	0.5046821962495549	0.9602648752081885	0.1475957563854151	0.6156103691098944	0.0	0.8308052893532794	0.3828620659588694	
0.8605854664820991	0.9469134849772185	0.852999101694619	0.1981106619852817	0.6605227220230149	0.42078212095736056	0.360418753593452	0.278277118138916	0.36027844435652256	0.8308052893532794	0.0	0.15616456107655918	
0.07047470427386471	0.5662384944660158	0.15826115683057684	0.003128875679097476	0.5070081023474771	0.9423647405915265	0.324347003908635	0.2472406482125441	0.11285116542295215	0.3828620659588694	0.15616456107655918	0.0	

473.8602951563445	678.0290256703917	114.33663761830341	87.4610291880681	
590.062884649018	500.58531488228357	80.51941411607807	124.19365080803793	
78.87271930714387	493.84157911775117	141.1422609866996	70.85050168597158	
296.9469485619427	282.4616066453183	86.35093463433158	115.80650565447591	
484.4509815581284	421.3123814921461	102.2056203079557	97.84197747510368	
329.35474343221193	690.064339193294	140.26539994129962	71.29341950463159	
220.24600543319949	106.52546663508792	134.3996979163928	74.40492914069486	
438.21564098953417	500.11544021604436	133.38807988956054	74.96921770130854	
448.8977314562752	318.34511002548743	126.17751671018972	79.25342216845539	
83.80573733901794	273.655905455733	104.12710836926537	96.03647077701473	
338.30681257418905	584.3887901886956	92.5541777469694	108.04482567322512	
204.68160097083316	311.8394172044151	91.90309440412922	108.81026438594758	

-1.0	-1.0	112.67690610825397	88.74933067821841	
-1.0	-1.0	79.6141076818589	125.60587929918643	
-1.0	-1.0	138.94610959256207	71.97034900310236	
-1.0	-1.0	113.05104909839721	88.455614341944	
-1.0	-1.0	89.3696950423932	111.89475353201578	
-1.0	-1.0	121.729873639247	82.14910359338361	
-1.0	-1.0	111.6040726998362	89.6024648392126	
-1.0	-1.0	141.16363790543275	70.83977253900981	
-1.0	-1.0	98.23118481396297	101.80066563320695	
-1.0	-1.0	93.7333360646619	106.68562989267238	
-1.0	-1.0	127.39274073217878	78.49740842787322	
-1.0	-1.0	126.82556816784773	78.84845417578154	

529.3983236537416	590.5679964823236
590.062884649018	429.4234578155977
78.87271930714387	475.18059994197796
346.41444024810494	282.4616066453183
586.6566018660841	399.2671555779274
329.35474343221193	648.2351128149064
327.72723342420386	106.52546663508792
438.21564098953417	449.1603513062364
509.15427164871426	318.34511002548743
83.80573733901794	243.4386641964902
426.3496767491548	476.3439645154704
204.68160097083316	250.51453403118592

0.0	0.37231534488383156	0.9115811889048425	0.7996599109559908	0.3186206704367911	0.2914069735543239	0.19917903861955022	0.8313607265554673	0.27163250776946923	0.24739344166900878	0.7940902411620657	0.2869687128203917	
0.37231534488383156	0.0	0.9010266155874209	0.08435460526009031	0.6792629778050967	0.7424622588506655	0.48914654898230603	0.0769024855481879	0.4614389453517759	0.9238872556374623	0.3327762691802483	0.013346536213811877	
0.9115811889048425	0.9010266155874209	0.0	0.4827273614014562	0.2008014528502382	0.4321593107177102	0.8094964510112053	0.7479412652759346	0.8354047900517395	0.6401290811994138	0.17947469401551341	0.2434253212603762	
0.7996599109559908	0.08435460526009031	0.4827273614014562	0.0	0.3082861556813924	0.26124161515595	0.12437855456789781	0.7711965463954986	0.22920251353732457	0.2091391625700043	0.885077872308276	0.33264336330646926	
0.3186206704367911	0.6792629778050967	0.2008014528502382	0.3082861556813924	0.0	0.8692234162891491	0.2668347162817841	0.38773218169463286	0.46989218641371866	0.17750589252275117	0.9418847104950855	0.6392782084835071	
0.2914069735543239	0.7424622588506655	0.4321593107177102	0.26124161515595	0.8692234162891491	0.0	0.289092860846242	0.9985531390404698	0.7037882933885807	0.9028087985437596	0.9285713243298231	0.1836638285809027	
0.19917903861955022	0.48914654898230603	0.8094964510112053	0.12437855456789781	0.2668347162817841	0.289092860846242	0.0	0.6814411355335287	0.5759929050939694	0.3221322095322168	0.4115675343542078	0.12894605729387087	
0.8313607265554673	0.0769024855481879	0.7479412652759346	0.7711965463954986	0.38773218169463286	0.9985531390404698	0.6814411355335287	0.0	0.7063890557893745	0.7868831884896199	0.5471444925527641	0.6573199383902273	
0.27163250776946923	0.4614389453517759	0.8354047900517395	0.22920251353732457	0.46989218641371866	0.7037882933885807	0.5759929050939694	0.7063890557893745	0.0	0.601822392715223	0.41152692862006124	0.03151345584360743	
0.24739344166900878	0.9238872556374623	0.6401290811994138	0.2091391625700043	0.17750589252275117	0.9028087985437596	0.3221322095322168	0.7868831884896199	0.601822392715223	0.0	0.3881008308650292	0.8158526910116424	
0.7940902411620657	0.3327762691802483	0.17947469401551341	0.885077872308276	0.9418847104950855	0.9285713243298231	0.4115675343542078	0.5471444925527641	0.41152692862006124	0.3881008308650292	0.0	0.38456293313036083	
0.2869687128203917	0.013346536213811877	0.2434253212603762	0.33264336330646926	0.6392782084835071	0.1836638285809027	0.12894605729387087	0.6573199383902273	0.03151345584360743	0.8158526910116424	0.38456293313036083	0.0	

0.5107152848862431	0.3074696522721658	0.5428511743651281	0.5729370269822314	0.005644154854231087	0.6110276318224462	0.961113031822364	0.4762499823227403	0.4675266697035124	0.18449273205947658	0.6191964948515674	0.5705777860218711	
0.03288810334124148	0.8544871436852037	0.16831578972258787	0.007311634910260101	0.6269167225075671	0.7012575507942415	0.18267872101439453	0.15122779015273435	0.578599808569446	0.8337674863760517	0.7178967095840629	0.18084636122681264	
0.5139864431185086	0.3724892363010429	0.3892971382637648	0.2282308982206751	0.8600050000367773	0.5604585586000781	0.26985097283214554	0.7937335337367504	0.07739605729907106	0.9670997138840416	0.02168683995388465	0.668259576039184	
0.43370452205072363	0.9495246482178111	0.19566999354412073	0.74894685852598	0.7259070348466995	0.8924546232488789	0.5602830023576756	0.9437244012970119	0.8671344483398216	0.2606086218655015	0.6540525626721805	0.8260363747652768	
0.6630806815748006	0.16634759519853715	0.4950243853920179	0.8230864280665559	0.4210736295782207	0.9805592786580631	0.5262964016068014	0.4992790589440773	0.2584149049530018	0.49621350510246	0.4283779950708594	0.9311037308204104	
0.10647978371748368	0.29171317391223306	0.38715091553103764	0.2605289980169284	0.4431999820411595	0.23511156390430488	0.7704654615807721	0.2610431088620644	0.7289355556694547	0.5204618500237737	0.9369127901077267	0.15379862087070173	
0.3693751008503072	0.23400976681008112	0.07707300190101585	0.9708885467496284	0.7839855295744889	0.21063629452634103	0.570545348609992	0.47860200440881506	0.8196663771054131	0.8599018360935281	0.33132569222604435	0.045577374365673884	
0.3166457319575844	0.7162392569920368	0.009603290685299415	0.8690917958146344	0.10728805048791201	0.69928797699481	0.7198077328479989	0.657295580651033	0.10836678037006386	0.458057133042558	0.17274367770938814	0.20602077474087743	
0.4534877634985597	0.7165505756988031	0.7039096766262853	0.3058634705248019	0.804731716630447	0.23868238240709005	0.7106046890627834	0.06855933621687338	0.0812174854575406	0.8867562403254361	0.4371839237221671	0.07124282843575458	
0.8471701337475764	0.26047794342669783	0.8808332899576953	0.6830001787908199	0.5132110369364428	0.5724152766654584	0.8294898337050824	0.5601969941342448	0.3219696281890603	0.7410146928977458	0.6890430296742052	0.575381545754116	
0.812749710083804	0.16373006664932233	0.8087096459499094	0.37913494705457995	0.08986568738919043	0.27051337640119955	0.4714832970980608	0.38506004319459386	0.7553969922929094	0.7518633295238416	0.58081637316737	0.21517081234752278	
0.8094918115692041	0.3058221697690483	0.3452013194742052	0.5462645838914011	0.16998401533341312	0.8547576964714154	0.9390750154489919	0.857429862601166	0.7179703017612123	0.4454610807678637	0.20147798539920092	0.7946623094350053	

0.0	0.46503794372492424	0.9231584757356549	0.7406324059380915	0.2819257887801444	0.38026455281641114	0.16831880031841828	0.7059681662449414	0.38355454301695413	0.9395266518114151	0.3789590249022411	0.8429867313846067	
0.46503794372492424	0.0	0.7177814951354021	0.7236291145286439	0.06053748957736793	0.4999052841781967	0.21987697303889864	0.02042239044126337	0.545564397202952	0.699567710797721	0.8439210523069028	0.38261428077553605	
0.9231584757356549	0.7177814951354021	0.0	0.10919505280567443	0.3866665850032711	0.582090752627604	0.9871338264931807	0.6863423234023589	0.9493942369913052	0.7775827847389483	0.18252795345935213	0.3788942375285773	
0.7406324059380915	0.7236291145286439	0.10919505280567443	0.0	0.28526344417389715	0.4651420085169973	0.4065034124546898	0.16788507559777066	0.28007303981720466	0.22485534807722907	0.7451779707389263	0.8237242372877964	
0.2819257887801444	0.06053748957736793	0.3866665850032711	0.28526344417389715	0.0	0.912913832542026	0.5068153100299532	0.43335545051292634	0.5399768776443588	0.008155318853407811	0.13616573216818983	0.9970194303773567	
0.38026455281641114	0.4999052841781967	0.582090752627604	0.4651420085169973	0.912913832542026	0.0	0.9051696344080492	0.7214494299752551	0.9000644484332684	0.8651086553782592	0.5860011201140528	0.009223174796543554	
0.16831880031841828	0.21987697303889864	0.9871338264931807	0.4065034124546898	0.5068153100299532	0.9051696344080492	0.0	0.7182384215671066	0.1754842971988536	0.10969068919682923	0.4036204401854535	0.25641972549393854	
0.7059681662449414	0.02042239044126337	0.6863423234023589	0.16788507559777066	0.43335545051292634	0.7214494299752551	0.7182384215671066	0.0	0.8625345640036881	0.442744266167757	0.8199825667027106	0.9166812992286189	
0.38355454301695413	0.545564397202952	0.9493942369913052	0.28007303981720466	0.5399768776443588	0.9000644484332684	0.1754842971988536	0.8625345640036881	0.0	0.3351194284250478	0.8675509529327647	0.08210086981083398	
0.9395266518114151	0.699567710797721	0.7775827847389483	0.22485534807722907	0.008155318853407811	0.8651086553782592	0.10969068919682923	0.442744266167757	0.3351194284250478	0.0	0.49192000772887434	0.5555331488116503	
0.3789590249022411	0.8439210523069028	0.18252795345935213	0.7451779707389263	0.13616573216818983	0.5860011201140528	0.4036204401854535	0.8199825667027106	0.8675509529327647	0.49192000772887434	0.0	0.7443862281908836	
0.8429867313846067	0.38261428077553605	0.3788942375285773	0.8237242372877964	0.9970194303773567	0.009223174796543554	0.25641972549393854	0.9166812992286189	0.08210086981083398	0.5555331488116503	0.7443862281908836	0.0	

379.9942555462999	579.8532367030463	99.13969513128889	100.86777033918838	
511.7322823023994	216.89204350424217	136.14250078507976	73.45244829743812	
556.1876974562946	566.8683129872661	72.30270114057724	138.3074192561233	
173.06017796031492	669.354777133793	136.76512495267593	73.1180555237327	
560.1069652216754	664.9151604292413	106.09316391330648	94.25677990121449	
355.27213062573287	107.30595060635198	113.4233402203633	88.16527515916573	
520.9921683907241	338.1539470342438	126.80350586696929	78.86217286839917	
355.44794720830225	198.22284212808404	117.16641769530224	85.34868776141602	
595.5430441533035	140.78331690302298	83.29151671497428	120.06024616192617	
193.27785397662043	564.5829792144461	119.50696566090785	83.67713082410826	
211.63308341195554	89.36910311408144	139.77895714426677	71.54152673838405	
225.16071961454577	401.51629506019	97.48256266843975	102.58244886331376	

-1.0	-1.0	136.3447020859921	73.3435171811299	
-1.0	-1.0	73.06684615042877	136.86097767805896	
-1.0	-1.0	135.64712318675907	73.72069355449574	
-1.0	-1.0	97.8592638045452	102.18756621726739	
-1.0	-1.0	140.10828833997306	71.3733649770596	
-1.0	-1.0	78.08846626976464	128.0598848676829	
-1.0	-1.0	82.65402205592157	120.98624787108676	
-1.0	-1.0	116.97765814517223	85.48640961498603	
-1.0	-1.0	91.88310444861783	108.83393698992968	
-1.0	-1.0	109.28592330037806	91.50309296938892	
-1.0	-1.0	76.75183505010007	130.2900444461355	
-1.0	-1.0	97.55288288989036	102.5085031191459	

423.7341356615697	478.9854663638579
632.742434118489	143.43959520680403
556.1876974562946	531.852983399895
309.8253029129909	630.6949135450473
666.2001291349819	613.2986699180678
465.6437029133646	107.30595060635198
610.2779379508613	338.1539470342438
412.8180760365833	198.22284212808404
595.5430441533035	41.14135804839475
214.4251098957211	480.90584839033784
216.71524040388158	17.82757637569739
225.16071961454577	317.3079480575832

0.0	0.2082688281071251	0.3669145025406316	0.411429229675902	0.4808901544303886	0.31630489300999964	0.609634262850928	0.23041232511707554	0.9689810561165197	0.22352629987822237	0.25449693857699496	0.48631572587574146	
0.2082688281071251	0.0	0.6336264356940716	0.45965529602370525	0.1382944716580815	0.8294905618667866	0.3891851027930948	0.02521845773694431	0.5523377103902541	0.3792389968340125	0.781359896118045	0.8727074371114162	
0.3669145025406316	0.6336264356940716	0.0	0.02230131128230506	0.7077697000376203	0.3808327980386851	0.6513244302533511	0.5185907926902977	0.6797017092562033	0.9150193222010998	0.6228511024975284	0.5427837076906971	
0.411429229675902	0.45965529602370525	0.02230131128230506	0.0	0.32162458909485303	0.2145239237800719	0.5487584466697046	0.8736260407047609	0.639019521402344	0.6719622687472493	0.015295492265292143	0.9821700257170793	
0.4808901544303886	0.1382944716580815	0.7077697000376203	0.32162458909485303	0.0	0.14687281093304572	0.8760927648334478	0.7883599904834335	5.632957518908466E-4	0.23076391624872428	0.12043002019863336	0.20975104644605724	
0.31630489300999964	0.8294905618667866	0.3808327980386851	0.2145239237800719	0.14687281093304572	0.0	0.02365574151330896	0.7473571171439032	0.9161019614281525	0.5154147928815107	0.6809622360131639	0.15435870737444013	
0.609634262850928	0.3891851027930948	0.6513244302533511	0.5487584466697046	0.8760927648334478	0.02365574151330896	0.0	0.6441090062942927	0.6229950922254258	0.5158251472495574	0.6292971793146226	0.22395447945024216	
0.23041232511707554	0.02521845773694431	0.5185907926902977	0.8736260407047609	0.7883599904834335	0.7473571171439032	0.6441090062942927	0.0	0.7879446190057814	0.6984432070325504	0.19774116426528365	0.31166045265489895	
0.9689810561165197	0.5523377103902541	0.6797017092562033	0.639019521402344	5.632957518908466E-4	0.9161019614281525	0.6229950922254258	0.7879446190057814	0.0	0.1709981358028082	0.7708752510978117	0.6831884668344413	
0.22352629987822237	0.3792389968340125	0.9150193222010998	0.6719622687472493	0.23076391624872428	0.5154147928815107	0.5158251472495574	0.6984432070325504	0.1709981358028082	0.0	0.13192281178652343	0.8591624580907522	
0.25449693857699496	0.781359896118045	0.6228511024975284	0.015295492265292143	0.12043002019863336	0.6809622360131639	0.6292971793146226	0.19774116426528365	0.7708752510978117	0.13192281178652343	0.0	0.7435240193872604	
0.48631572587574146	0.8727074371114162	0.5427837076906971	0.9821700257170793	0.20975104644605724	0.15435870737444013	0.22395447945024216	0.31166045265489895	0.6831884668344413	0.8591624580907522	0.7435240193872604	0.0	

0.8398186152505073	0.3795303538630129	0.6436500578159375	0.08648494845139554	0.7972365546742263	0.35082432934415175	0.7451922031091996	0.49069859309974473	0.6581097881222195	0.20946627454406186	0.4579026804852383	0.5990595219348368	
0.7994990315202509	0.7903655912186693	0.07020665560809014	0.1647898224774298	0.15589133106726594	0.09278869944873247	0.30186624349388647	0.5457053589759554	0.5428318222383162	0.196270382437996	0.14521930086830792	0.043347292841651064	
0.3798825980470023	0.38372133789212104	0.8843863913400629	0.5269006777217812	0.37141124870459663	0.8800877605554187	0.5604205171584193	0.4948850524797792	0.8492186927234469	0.3932387403749604	0.3740075137130465	0.7090465597112928	
0.032774382322800166	0.07832825675054078	0.6472073781930293	0.6725772123670423	0.42083456872932934	0.6376977650947764	0.0018599208789454869	0.5187314916413925	0.8924767112734797	0.015457024498944594	0.35466089861260075	0.32610657005995125	
0.8660918428858903	0.5491999574914876	0.17754743859078936	0.4832969407130112	0.04163332152733723	0.5008833754311435	0.22691444439018016	0.48833016647345706	0.8344294619962376	0.6047163061585275	0.6063168248524292	0.4872355768313542	
0.5981244062874215	0.641978331487321	0.5946943994327387	0.9312929287425002	0.1298196208870942	0.08100523122824421	0.14579014637008425	0.9639533563282403	0.7522468312212482	0.505151081141581	0.3443144962945126	0.5361207945124813	
0.47581000527151773	0.8923554846294969	0.3905413903611128	0.7924263279719025	0.3575925775983272	0.8070159464504653	0.8774050736334056	0.9713243740017647	0.1949338092594909	0.21818479597446094	0.22279851660907013	0.9182840390338753	
0.1179354703191563	0.9676807710512035	0.12465827344706504	0.32404465693945483	0.47826866814419	0.8775259509231406	0.8175523073910198	0.9688502159138249	0.670907631349359	0.10818826880922627	0.7268708654027893	0.5787716493582016	
0.17092571042166949	0.657431158134346	0.8403532127155784	0.3816724257285905	0.11924644714683552	0.8241413102956339	0.7465653611205902	0.08806757400514476	0.24925004103512172	0.05232623518943813	0.8260773920354677	0.8160715200261643	
0.8103939748833409	0.8175437836516958	0.5234712770869199	0.4298257354175925	0.4155139864613244	0.12134564096095213	0.9769432616317655	0.8672425446791384	0.41522928547571925	0.7188877015472718	0.5371473804217418	0.29559610973183637	
0.4858841677612722	0.4206797879548566	0.8680598009876904	0.35243807358053536	0.6067155117660139	0.6815184217582273	0.39002626208639357	0.30450924455943806	0.4974437545643461	0.2179658036595905	0.7987878006892437	0.6887653894262312	
0.8892427331650339	0.580308898938893	0.27416264544962654	0.8873294470430021	0.7100512715818241	0.4457530179684408	0.7781953573246065	0.13212852136095388	0.37944787650272827	0.8966740528036797	0.5349663948196598	0.635168688963579	

0.0	0.10107433825782364	0.38288895438180814	0.8968467639377388	0.5892928612574974	0.6219570867153106	0.19520186282763174	0.7573923932762269	0.8229777331651653	0.04815493074906274	0.9755011142416	0.4254805456067947	
0.10107433825782364	0.0	0.5525343252034507	0.5432482701755551	0.1669535007635482	0.4312891834717135	0.02211619123304609	0.3283961892272751	0.5629025099907714	0.2694579681276792	0.21390525358813517	0.9717497172450669	
0.38288895438180814	0.5525343252034507	0.0	0.7626005892801009	0.17216105239383284	0.5023052524070114	0.18001736118816125	0.8643447059229634	0.3857849646943129	0.13793484811774592	0.6123217062734145	0.26937723651661927	
0.8968467639377388	0.5432482701755551	0.7626005892801009	0.0	0.6810392533551498	0.2992587787106248	0.36292823730192025	0.34025469667763353	0.6744426713269869	0.7791183760301326	0.01201148482198422	0.6615435188659105	
0.5892928612574974	0.1669535007635482	0.17216105239383284	0.6810392533551498	0.0	0.18681970716995822	0.3256336577504716	0.03486091957464943	0.3901587419045469	0.7711239513810828	0.7752449806113131	0.7920405831463717	
0.6219570867153106	0.4312891834717135	0.5023052524070114	0.2992587787106248	0.18681970716995822	0.0	0.14090182699108267	0.3382285571356747	0.1721993997126421	0.6714309291396321	0.4705772678977116	0.17641035787035086	
0.19520186282763174	0.02211619123304609	0.18001736118816125	0.36292823730192025	0.3256336577504716	0.14090182699108267	0.0	0.5720199287934821	0.1610531366612018	0.2614729066154221	0.5183714284150146	0.8339856326477317	
0.7573923932762269	0.3283961892272751	0.8643447059229634	0.34025469667763353	0.03486091957464943	0.3382285571356747	0.5720199287934821	0.0	0.2973137665107737	0.3827855896184509	0.33706659408033535	0.40487542966245993	
0.8229777331651653	0.5629025099907714	0.3857849646943129	0.6744426713269869	0.3901587419045469	0.1721993997126421	0.1610531366612018	0.2973137665107737	0.0	0.9855310092740142	0.47307051913860454	0.6261316079270097	
0.04815493074906274	0.2694579681276792	0.13793484811774592	0.7791183760301326	0.7711239513810828	0.6714309291396321	0.2614729066154221	0.3827855896184509	0.9855310092740142	0.0	0.8582890904566457	0.9602793421041658	
0.9755011142416	0.21390525358813517	0.6123217062734145	0.01201148482198422	0.7752449806113131	0.4705772678977116	0.5183714284150146	0.33706659408033535	0.47307051913860454	0.8582890904566457	0.0	0.5570891434691043	
0.4254805456067947	0.9717497172450669	0.26937723651661927	0.6615435188659105	0.7920405831463717	0.17641035787035086	0.8339856326477317	0.40487542966245993	0.6261316079270097	0.9602793421041658	0.5570891434691043	0.0	

