10

648	648

12

9

185.4285710613356	438.07023528492516	129.16136235858198	77.42253424238181	
36.26456436922407	619.9050810006215	85.8827394080311	116.43783219920063	
38.06733319884033	501.0507411766765	71.63625617490825	139.5941180340837	
194.62392956772794	630.1423788775887	78.47618562938635	127.4271923361089	
30.78485246456657	242.9662400847609	73.18956220126447	136.63150453750404	
442.99721116074	620.3156651404773	110.22177539391566	90.72617424516652	
442.997972061903	529.3762357576261	110.15259960430211	90.78315024722704	
398.5861717324596	342.1234931310427	128.40701171663903	77.87736718044188	
109.8813236161175	134.6670943797534	75.51185254579326	132.42954136154478	
322.6470121195995	524.0968078670536	88.986348635351	112.3767876011868	
43.11639209920508	357.345107709936	140.104951245546	71.37506498592	
323.3080785241548	628.839967549774	100.98945402162656	99.020240250616	

-1.0	-1.0	130.55387203299878	76.5967324008008	
-1.0	-1.0	139.72833109007777	71.56744750320794	
-1.0	-1.0	128.98541446516535	77.52814565479933	
-1.0	-1.0	98.46049617375101	101.56357512512659	
-1.0	-1.0	113.68156656272726	87.96500877283563	
-1.0	-1.0	91.0125701043618	109.87493253440985	
-1.0	-1.0	109.37980197644306	91.42455754448781	
-1.0	-1.0	116.02101342181875	86.19128298459952	
-1.0	-1.0	113.27236426933408	88.28278693135103	

215.20341044308796	360.6477010425433
36.26456436922407	554.0304741363457
38.06733319884033	378.97823635438
194.62392956772794	555.3077336478585
94.66592320993807	106.33473554725686
521.0648943038904	529.5894908953109
536.7112896080002	529.3762357576261
526.9931834490986	279.48981016034134
184.10942038309193	2.2375530182085868
370.2192852153797	524.0968078670536
183.2213433447511	306.97906858391076
344.24048717231386	529.8197272991579

0.0	0.7698398637065423	0.5856256413473656	0.19105089958287946	0.4445509781576302	0.9636680340011566	0.19719919639215222	0.06613707263475987	0.208839227632014	0.40640571082443067	0.5270031930438428	0.053292311285115024	
0.7698398637065423	0.0	0.18229497011379725	0.7721100602511757	0.5302503776703753	0.621323608774065	0.05362782341765693	0.8864347410340764	0.5311012291207743	0.21648282236608252	0.9130846153418978	0.834433343189194	
0.5856256413473656	0.18229497011379725	0.0	0.4642581854626713	0.3400173044635343	0.9487538151920913	0.19115322070964147	0.7932266969219361	0.2889050413453478	0.7791223727562389	0.4572834410793696	0.5430144532493305	
0.19105089958287946	0.7721100602511757	0.4642581854626713	0.0	0.966319786444751	0.2382720879370629	0.9867026596451587	0.050396954242279746	0.8029124697025708	0.2515409917620133	0.9976445433999268	0.20613428772821152	
0.4445509781576302	0.5302503776703753	0.3400173044635343	0.966319786444751	0.0	0.8864425860214294	0.0653108099090356	0.2199486755872927	0.5198060207232439	0.6967985074591257	0.8018300901768807	0.3103465733973474	
0.9636680340011566	0.621323608774065	0.9487538151920913	0.2382720879370629	0.8864425860214294	0.0	0.9219190470282237	0.5693741399943893	0.4660007020083453	0.538027324525629	0.9007709057258586	0.2948066693315692	
0.19719919639215222	0.05362782341765693	0.19115322070964147	0.9867026596451587	0.0653108099090356	0.9219190470282237	0.0	0.2655591337126618	0.8152901994960506	0.6481492327127846	0.9966555887322235	0.6550793878559277	
0.06613707263475987	0.8864347410340764	0.7932266969219361	0.050396954242279746	0.2199486755872927	0.5693741399943893	0.2655591337126618	0.0	0.958580787804195	0.5030279449078561	0.4266725862890022	0.6280368435765695	
0.208839227632014	0.5311012291207743	0.2889050413453478	0.8029124697025708	0.5198060207232439	0.4660007020083453	0.8152901994960506	0.958580787804195	0.0	0.6512002829992319	0.8094274669503635	0.20659513872667667	
0.40640571082443067	0.21648282236608252	0.7791223727562389	0.2515409917620133	0.6967985074591257	0.538027324525629	0.6481492327127846	0.5030279449078561	0.6512002829992319	0.0	0.36521615160160936	0.9801087810079476	
0.5270031930438428	0.9130846153418978	0.4572834410793696	0.9976445433999268	0.8018300901768807	0.9007709057258586	0.9966555887322235	0.4266725862890022	0.8094274669503635	0.36521615160160936	0.0	0.01206239314918911	
0.053292311285115024	0.834433343189194	0.5430144532493305	0.20613428772821152	0.3103465733973474	0.2948066693315692	0.6550793878559277	0.6280368435765695	0.20659513872667667	0.9801087810079476	0.01206239314918911	0.0	

0.995597294112634	0.3116960682289208	0.2504728538722307	0.5443927046503977	0.7773377274659916	0.24999626927164054	0.5264025758422873	0.7891461525230479	0.009509225595054516	
0.24812557117451217	0.9981427086981784	0.8261078622962937	0.017184202836553086	0.34133279384493986	0.006015205887340502	0.6966664039811578	0.4552472619713216	0.3561066122329396	
0.9332668395191249	0.6474582237201201	0.07183331946742177	0.9103063404044605	0.4921576045653572	0.9933931590352796	0.6083519324017643	0.415487212540373	0.8581373372889385	
0.13590446071894158	0.37360388509065745	0.5351857795855732	0.9381519311650356	0.0363810166677776	0.8781290549858788	0.15937694289646465	0.2358780594594342	0.5043092638191968	
0.6698071631303694	0.7180087380223803	0.35969339506257936	0.375472594662949	0.17286599927687785	0.575467049224415	0.20844710577949466	0.027626631450176853	0.8998344996073852	
0.32301708765840664	0.2656029268474991	0.7093886303341621	0.8796108991706629	0.017714236524809412	0.2340852362627609	0.842650277391208	0.5246986197438528	0.8039719220741488	
0.4521663884735786	0.7996425218739661	0.4467962259492444	0.8979195979373658	0.1449910832416963	0.6528523758171015	0.922309558875618	0.6148791804827202	0.5868414593375187	
0.04931109775850551	0.8079876730479343	0.9767337024128688	0.676004892319634	0.6703439712998525	0.7117668963600783	0.4486570688689634	0.25711333891306665	0.7036923324792568	
0.1350398293815651	0.5236192754553671	0.765081815501968	0.37698802722198843	0.11994933904374094	0.1982767294959138	0.41028081262507465	0.8798818183851621	0.6589400174821528	
0.8653025683932932	0.17633572390829289	0.9366967901368409	0.7536828535906123	0.7849072560999181	0.359953531018654	0.8822985852483082	0.5466211101815834	0.09224490279364916	
0.24643547976806823	0.3409442572666245	0.3907686848082855	0.24759639423958435	0.7850421010619328	0.5111921592926102	0.07202496286206228	0.9426652694110798	0.805134180616196	
0.619525447025336	0.6531524965257586	0.7390180613727714	0.3970221302102249	0.32116181837710045	0.5696976549875162	0.13364566945165157	0.570713099324249	0.6985933119114272	

0.0	0.32181812298433954	0.20125332288122022	0.03671901865186589	0.9091975297381767	0.6588500104879352	0.5711213916772838	0.7380048967997118	0.13257145587314512	
0.32181812298433954	0.0	0.5819249254042932	0.4785977097492714	0.8223882075523058	0.39159294495468877	0.03000766393384835	0.23834279685260829	0.3505075204079344	
0.20125332288122022	0.5819249254042932	0.0	0.028356443306089663	0.2995212976639672	0.7912975503959573	0.5807106604811957	0.4876585104381874	0.9286847619443032	
0.03671901865186589	0.4785977097492714	0.028356443306089663	0.0	0.43047970170645433	0.9045062959460684	0.10808957289937327	0.6120852535596182	0.9488915300037998	
0.9091975297381767	0.8223882075523058	0.2995212976639672	0.43047970170645433	0.0	0.9076143324322793	0.8012675048652836	0.8604116012676716	0.6484772144677823	
0.6588500104879352	0.39159294495468877	0.7912975503959573	0.9045062959460684	0.9076143324322793	0.0	0.3236043091186398	0.3665934060115521	0.1427857330657546	
0.5711213916772838	0.03000766393384835	0.5807106604811957	0.10808957289937327	0.8012675048652836	0.3236043091186398	0.0	0.20645912634923924	0.7272869220839332	
0.7380048967997118	0.23834279685260829	0.4876585104381874	0.6120852535596182	0.8604116012676716	0.3665934060115521	0.20645912634923924	0.0	0.8845759459630923	
0.13257145587314512	0.3505075204079344	0.9286847619443032	0.9488915300037998	0.6484772144677823	0.1427857330657546	0.7272869220839332	0.8845759459630923	0.0	

105.6808407986493	204.78488208966826	110.20072018629835	90.74350860043958	
338.85771671708096	482.83443875310417	133.79310567859415	74.74226679529065	
11.724373330119228	345.6158977251675	76.89663194229718	130.04470738723572	
318.75974362230835	297.2490688216475	139.18260967672305	71.84805647219018	
216.29770901690418	214.8603825596851	102.30681931692936	97.74519496126331	
347.64997886569245	611.6698179972099	100.48588970592097	99.51645976629857	
489.48561324807923	293.50777264631705	141.41534784156082	70.71368244417019	
339.65864270476544	398.74988586584186	113.86856837124493	87.82054734715788	
218.65709810038516	466.15745700330365	109.16479284248553	91.60462581034761	
492.5005398368153	222.67818577279712	92.17940449293573	108.48410287534848	
527.5534270031117	439.5551485581964	80.2554569200543	124.6021190803437	
223.12994877619863	620.7835534147754	115.35603377655227	86.68813994914447	

-1.0	-1.0	121.75317775546111	82.1333798784686	
-1.0	-1.0	138.1015173740915	72.41050055164744	
-1.0	-1.0	135.6267570943248	73.73176365962408	
-1.0	-1.0	98.87720535523947	101.13554447734099	
-1.0	-1.0	135.05192261772197	74.04559525084292	
-1.0	-1.0	138.9947212421369	71.94517828183861	
-1.0	-1.0	130.74202484023087	76.48650089533325	
-1.0	-1.0	92.12856335821839	108.54396981224546	
-1.0	-1.0	119.6237186453319	83.59546178002243	

213.73330539243312	204.78488208966826
338.85771671708096	412.2849343790875
37.356487250656784	215.57119033793174
399.2961642423281	297.2490688216475
305.3924038467501	214.8603825596851
446.82341342529395	611.6698179972099
577.98644366028	293.50777264631705
414.68088765955423	398.74988586584186
292.7736310040955	466.15745700330365
584.679944329751	182.4672818480164
569.0647539525091	314.9530294778526
328.1991461022948	534.0954134656309

0.0	0.03867310195546625	0.9258485353884613	0.9163606034471632	0.2861061314331158	0.18067615632672562	0.40681127189317456	0.40943319303544534	0.3949411643086421	0.4725920557508385	0.06636975165382097	0.08268674289257238	
0.03867310195546625	0.0	0.03499111764199492	0.3239910429227255	0.5607271210426343	0.735566549692377	0.7186889050453931	0.16257838179423345	0.47973841612953594	0.7135497575492903	0.04236365536819431	0.2099879100505957	
0.9258485353884613	0.03499111764199492	0.0	0.364877374345156	0.46570711195195513	0.13828871326064274	0.6535254387421002	0.2457219767700909	0.05897798193990178	0.439798592302696	0.13208577480995176	0.6249904591761186	
0.9163606034471632	0.3239910429227255	0.364877374345156	0.0	0.3293874759115789	0.588427920254127	0.4598387618119758	0.8913929069539216	0.7591037500888284	0.7726141434301683	0.13288160331400245	0.8206489229081461	
0.2861061314331158	0.5607271210426343	0.46570711195195513	0.3293874759115789	0.0	0.5892914708840737	0.47541385269354597	0.5708432766147369	0.2924820794749545	0.12712032922830985	0.5554052431292851	0.03665302338303722	
0.18067615632672562	0.735566549692377	0.13828871326064274	0.588427920254127	0.5892914708840737	0.0	0.6915649625928688	0.06510328394485898	0.6312253521974683	0.7645908208328375	0.3192892497319304	0.532103596928165	
0.40681127189317456	0.7186889050453931	0.6535254387421002	0.4598387618119758	0.47541385269354597	0.6915649625928688	0.0	0.44744831986914635	0.09463258745140102	0.13441277875292945	0.899006989492849	0.6210716822416849	
0.40943319303544534	0.16257838179423345	0.2457219767700909	0.8913929069539216	0.5708432766147369	0.06510328394485898	0.44744831986914635	0.0	0.9766817220043974	0.45319213148836934	0.4521234023258287	0.7735006795340328	
0.3949411643086421	0.47973841612953594	0.05897798193990178	0.7591037500888284	0.2924820794749545	0.6312253521974683	0.09463258745140102	0.9766817220043974	0.0	0.6686752574021027	0.4826381675218886	0.7372311704651938	
0.4725920557508385	0.7135497575492903	0.439798592302696	0.7726141434301683	0.12712032922830985	0.7645908208328375	0.13441277875292945	0.45319213148836934	0.6686752574021027	0.0	0.831382913290981	0.25899936374896926	
0.06636975165382097	0.04236365536819431	0.13208577480995176	0.13288160331400245	0.5554052431292851	0.3192892497319304	0.899006989492849	0.4521234023258287	0.4826381675218886	0.831382913290981	0.0	0.5730791607967654	
0.08268674289257238	0.2099879100505957	0.6249904591761186	0.8206489229081461	0.03665302338303722	0.532103596928165	0.6210716822416849	0.7735006795340328	0.7372311704651938	0.25899936374896926	0.5730791607967654	0.0	

0.678406825412102	0.9955953637319964	0.9669568242650793	0.29740519623123307	0.3619754288324655	0.7677759831982792	0.31159795709361104	0.2181376146485735	0.7359422468666668	
0.7248204354126483	0.5121172807615306	0.6125664522657899	0.2634549048341144	0.6614452717389259	0.7420246046243354	0.38174860120453646	0.09216745204968924	0.6737758348373851	
0.06789976065754999	0.5190022343071702	0.6034718237151514	0.29863339462374583	0.5871312754354968	0.6208165708326153	0.9243651877608202	0.0777462046472015	0.9878398673169222	
0.520637587306547	0.904303344798756	0.30924403591371186	0.21937209366343557	0.591581324823953	0.7830224372942626	0.23024116165421904	0.013506453061722934	0.19869522726859923	
0.4051947839634461	0.512008064267263	0.4545232435132047	0.3722100887579046	0.3739169156448292	0.7431774636632513	0.6605460488492043	0.020293957818364072	0.9774110548444928	
0.5266252370732284	0.9090714021787591	0.9031404176883501	0.07195386270076676	0.9221128892733174	0.21636075323030213	0.1497939521915217	0.3589292279304489	0.2294726227976296	
0.46337622517607047	0.31493522577277144	0.655034641060919	0.5260621922355739	0.6502005442662772	0.8449195015744849	0.8220534627352784	0.9474113119775351	0.7563878496283288	
0.3506814968074301	0.9962383508158756	0.4314272242041288	0.9864514288401367	0.2696911010446613	0.6372336166553378	0.5342223502704989	0.8877009808141296	0.33996338649107904	
0.7025976475557161	0.9695716992149136	0.9419006836119922	0.8061978540168679	0.946368569624858	0.7242036353561103	0.7527266094741961	0.43144160815667476	0.9387500280980569	
0.9575726415750132	0.8777602816800314	0.19724134373994828	0.9088758140483393	0.40745825661277146	0.686762560109084	0.04106980534294147	0.9237459266612064	0.6916789681458911	
0.3672300944723901	0.10188233272918445	0.2338083416729242	0.7214063993458387	0.3437444169523176	0.7229794080644806	0.8392947444151022	0.4230090455372284	0.9293815680508289	
0.8959217143500336	0.46130013101000455	0.10305134464430932	0.9854576031683147	0.9200642945504706	0.1377300880796113	0.08501826179068495	0.7301437837264664	0.7993466676568504	

0.0	0.6965313662672247	0.6069923909275426	0.30129634552871243	0.48797557147086534	0.29226780486978865	0.3011725500144097	0.6627733130422531	0.030125531133047945	
0.6965313662672247	0.0	0.6428032053744897	0.8477923588076649	0.8800260377125482	0.5773842942665018	0.9949174829024705	0.6463671506485374	0.9697842174451509	
0.6069923909275426	0.6428032053744897	0.0	0.5042334758984804	0.8039355127677376	0.0631242119703298	0.8356753034605535	0.756098014998054	0.9284740532510639	
0.30129634552871243	0.8477923588076649	0.5042334758984804	0.0	0.14898782229154228	0.6714604080071269	0.08193183497250611	0.07243057264648689	0.22868497974223267	
0.48797557147086534	0.8800260377125482	0.8039355127677376	0.14898782229154228	0.0	0.29256006966579584	0.24757861841360973	0.9947127865963408	0.14458397083975494	
0.29226780486978865	0.5773842942665018	0.0631242119703298	0.6714604080071269	0.29256006966579584	0.0	0.19600366042160355	0.03587377203052389	0.47024657488222255	
0.3011725500144097	0.9949174829024705	0.8356753034605535	0.08193183497250611	0.24757861841360973	0.19600366042160355	0.0	0.04429063898044083	0.8599232407714924	
0.6627733130422531	0.6463671506485374	0.756098014998054	0.07243057264648689	0.9947127865963408	0.03587377203052389	0.04429063898044083	0.0	0.29381301426616613	
0.030125531133047945	0.9697842174451509	0.9284740532510639	0.22868497974223267	0.14458397083975494	0.47024657488222255	0.8599232407714924	0.29381301426616613	0.0	

15.450452143952617	392.63517798578164	90.4603214359366	110.54570491529739	
470.0266568128555	384.8780903974351	104.6754769285029	95.53335980336978	
138.98999551334097	140.13356000812382	98.28430094815974	101.74564913754152	
4.123434437270738	260.280977126908	134.30977671183746	74.45474368895027	
143.4871013533416	512.0371001632645	83.74243021220278	119.41377835178731	
575.4110280414278	329.1896387897189	70.93537706000438	140.97338189294433	
500.2416379571039	209.21228683307828	74.18880685702334	134.79122287641044	
186.47941162245667	287.15427996792334	130.85863557042777	76.41834225466937	
242.93648207159669	150.76704324177956	134.58376435585532	74.30316760615213	
511.96895460942756	510.7813766163215	130.1239330940587	76.84981357558263	
238.59599004176965	607.1508570197418	132.09122494918932	75.70525599900095	
35.21802323711906	589.454302152578	102.80291277867782	97.27350840271214	

-1.0	-1.0	94.10774327654958	106.26118161832352	
-1.0	-1.0	135.0571956269946	74.04270430446616	
-1.0	-1.0	99.4774536971038	100.52529119260258	
-1.0	-1.0	87.44541127419461	114.35705835545687	
-1.0	-1.0	137.56988528704892	72.6903273862177	
-1.0	-1.0	83.34527236720015	119.9828102539793	
-1.0	-1.0	109.89702288655594	90.99427570774833	
-1.0	-1.0	106.42428612609713	93.96351494574716	
-1.0	-1.0	87.82472601674519	113.86315054479464	

15.450452143952617	342.87240886743666
572.7557149453902	384.8780903974351
161.1470300981207	140.13356000812382
4.123434437270738	245.02274462839154
185.15990333748516	512.0371001632645
646.3464051014322	290.4324476836707
540.3154672812727	209.21228683307828
317.33804719288446	227.68539783621827
254.28550693702198	76.46387563562746
511.96895460942756	445.2185323241947
238.59599004176965	586.1714657359357
138.02093601579688	567.094117704063

0.0	0.5900165596252256	0.3901941759935774	0.9568297564584274	0.2692204895974759	0.7001192976341121	0.09696261685412177	0.38572327717715715	0.3677824125916087	0.4483112792342262	0.7276458795169625	0.6835044520907047	
0.5900165596252256	0.0	0.6269023912370634	0.4717186862325472	0.5191366691738103	0.6004842732688331	0.006262438780958113	0.1461062698517125	0.1264048966807565	0.6268970067800741	0.7647053691091764	0.1519545685150545	
0.3901941759935774	0.6269023912370634	0.0	0.2097189162086397	0.41409367201189573	0.8559195635952526	0.3675324131665887	0.7010258170976881	0.21274427630330728	0.19918290377115544	0.2779978830530744	0.6097421299961359	
0.9568297564584274	0.4717186862325472	0.2097189162086397	0.0	0.2901678408987979	0.5843214751354959	0.7205009878741072	0.5390545333107272	0.47686894413782543	0.30046794977965285	0.1793700721123046	0.62496065439807	
0.2692204895974759	0.5191366691738103	0.41409367201189573	0.2901678408987979	0.0	0.600215470608403	0.041381277563483754	0.9719674544610389	0.7418717849366162	0.7367504065114038	0.6517925559563421	0.3405665735154544	
0.7001192976341121	0.6004842732688331	0.8559195635952526	0.5843214751354959	0.600215470608403	0.0	0.913170200847534	0.2947746618634215	0.10356725146815715	0.9900817582352957	0.229997688638098	0.6862526134668203	
0.09696261685412177	0.006262438780958113	0.3675324131665887	0.7205009878741072	0.041381277563483754	0.913170200847534	0.0	0.6851692849855899	0.7716132491800775	0.12088282774882175	0.28528912541188245	0.7085513691138317	
0.38572327717715715	0.1461062698517125	0.7010258170976881	0.5390545333107272	0.9719674544610389	0.2947746618634215	0.6851692849855899	0.0	0.8167733641374492	0.5342323868485295	0.997500705570709	0.15365928661028838	
0.3677824125916087	0.1264048966807565	0.21274427630330728	0.47686894413782543	0.7418717849366162	0.10356725146815715	0.7716132491800775	0.8167733641374492	0.0	0.15233444704199273	0.7925895777949404	0.9657931317008791	
0.4483112792342262	0.6268970067800741	0.19918290377115544	0.30046794977965285	0.7367504065114038	0.9900817582352957	0.12088282774882175	0.5342323868485295	0.15233444704199273	0.0	0.33860672355285204	0.8609598837185203	
0.7276458795169625	0.7647053691091764	0.2779978830530744	0.1793700721123046	0.6517925559563421	0.229997688638098	0.28528912541188245	0.997500705570709	0.7925895777949404	0.33860672355285204	0.0	0.6018425188122583	
0.6835044520907047	0.1519545685150545	0.6097421299961359	0.62496065439807	0.3405665735154544	0.6862526134668203	0.7085513691138317	0.15365928661028838	0.9657931317008791	0.8609598837185203	0.6018425188122583	0.0	

0.6514002762566523	0.7981484472019407	0.6887515502723826	0.38393983987678215	0.5209683503664094	0.07916344364762662	0.9861202523387779	0.22650701093663272	0.7335475795802352	
0.08980959603573246	0.8556842712329413	0.34748759697271847	0.8513845884792446	0.5127182703970797	0.6155449978259718	0.39860426556727213	0.023000059881084445	0.7926143367891026	
0.45148503846352595	0.7125907413004314	0.8987798208932701	0.6242322028614452	0.6509859926442814	0.3980210791413743	0.2883768680877874	0.3660104374359473	0.036652788188834884	
0.8527913180132072	0.5271176787664114	0.9505179057343258	0.18977350501027823	0.9883986375388383	0.11723935150564879	0.219010698721383	0.9815010960689504	0.266732823799141	
0.7146668799963556	0.12021316084945188	0.26215144709903804	0.11691550925051208	0.9431724280445103	0.8823628163660887	0.2983699111641086	0.4217930211577394	0.8351415706332183	
0.09275367274731339	0.6934265699915462	0.5420085880871541	0.9218041871909645	0.6004577143357499	0.07765767024769177	0.7801506648951092	0.12567029198715185	0.29560004717011057	
0.8140791797193088	0.2782935312265674	0.644044501656221	0.11250804440600304	0.32845573217002244	0.08931759858086996	0.9548747019515097	0.05425053526993917	0.4436163771982313	
0.5657163012163056	0.9248243016235267	0.6425279847344443	0.2745660177183734	0.26916750362129427	0.7543395553164969	0.9595705737962877	0.8239494842202127	0.31996693253632036	
0.15561648179091014	0.36764542917307175	0.4066831613764216	0.47749236381103966	0.726754974736371	0.06697061719021702	0.42807627831490835	0.2711865725454041	0.9590198472639914	
0.8842780651111737	0.8415225447163012	0.18611814408481153	0.694012330860611	0.0719631949937527	0.8198500488273973	0.24799941660469804	0.1336872845614686	0.44170442413145306	
0.7886754060677729	0.34961066437493893	0.6985350538647607	0.8566307277547602	0.9906160448701423	0.3139005648503779	0.12787939242466584	0.9625611872025621	0.17597203111921644	
0.9986031151421345	0.22112540431871996	0.0515351912980303	0.8484969475153684	0.7130309808245321	0.529924900254784	0.11979802985651422	0.734134852394313	0.8397765158603873	

0.0	0.5076009613771654	0.7861085403832767	0.8323710190205991	0.31386910141866164	0.9896212369200821	0.09150193326790346	0.6945240042297153	0.7145565494229209	
0.5076009613771654	0.0	0.6373836344971539	0.8285913535752042	0.04995733499574684	0.6796029252352103	0.8583307416854661	0.4463687787646148	0.31608460291829843	
0.7861085403832767	0.6373836344971539	0.0	0.5439680393165326	0.5003680113508098	0.7129001665156972	0.28199798486428496	0.09935750080245531	0.9670801909136129	
0.8323710190205991	0.8285913535752042	0.5439680393165326	0.0	0.17305823859429625	0.6695953925630709	0.1315794203948668	0.8673966500555376	0.6065489385160844	
0.31386910141866164	0.04995733499574684	0.5003680113508098	0.17305823859429625	0.0	0.40997642868420503	0.5865164792088084	0.5298533831603912	0.9777963311811048	
0.9896212369200821	0.6796029252352103	0.7129001665156972	0.6695953925630709	0.40997642868420503	0.0	0.11831269946557943	0.4532145350831476	0.11811098434436007	
0.09150193326790346	0.8583307416854661	0.28199798486428496	0.1315794203948668	0.5865164792088084	0.11831269946557943	0.0	0.25521502071091384	0.20889560440101884	
0.6945240042297153	0.4463687787646148	0.09935750080245531	0.8673966500555376	0.5298533831603912	0.4532145350831476	0.25521502071091384	0.0	0.3287449483224041	
0.7145565494229209	0.31608460291829843	0.9670801909136129	0.6065489385160844	0.9777963311811048	0.11811098434436007	0.20889560440101884	0.3287449483224041	0.0	

223.2923286911934	543.7147703850221	120.8577636224133	82.74189179308529	
226.68682697758922	352.921511274015	74.46732832508542	134.28707897704118	
58.45226097895268	534.4191857074732	139.088887487974	71.89646980866553	
91.55683890661906	189.50576639473184	86.56443847300707	115.52087873957903	
90.2151263808647	642.2526492554686	105.96140199615063	94.37398724078113	
417.4714460710943	409.33213967523665	91.08178944799158	109.79143098313938	
359.09968967847846	186.05813231247924	91.84451852484639	108.87966054604264	
206.95294382445334	178.4010302024946	79.93217830737002	125.10606131045431	
425.7005635433416	591.5424949714019	80.81365733137321	123.74146066667167	
513.1144185424341	513.7753440998204	107.28751151717297	93.20749319830529	
31.373853366710712	454.4584252025698	123.2642889480803	81.12649726322653	
101.03936262501131	336.933406997217	116.84663544372623	85.5822674056887	

-1.0	-1.0	104.12152669923569	96.04161902932802	
-1.0	-1.0	111.58960886677295	89.61407877985323	
-1.0	-1.0	91.49327139733698	109.29765486876079	
-1.0	-1.0	71.53117142075835	139.79919245524894	
-1.0	-1.0	96.3398148237558	103.79924456253123	
-1.0	-1.0	108.7222865781225	91.97746216287025	
-1.0	-1.0	126.3126817142154	79.16861445967216	
-1.0	-1.0	95.2827164388333	104.95082816430298	
-1.0	-1.0	73.36630257299619	136.30235747604218	

242.06513051730025	543.7147703850221
226.68682697758922	227.06393306524944
183.18192094985423	462.52271589880763
135.95883826570878	73.98488765515276
196.17652837701533	603.1993221188792
508.5532355190859	351.58684865577345
450.9442082033248	165.36971197535587
206.95294382445334	82.98148584249577
503.02103013754765	591.5424949714019
513.1144185424341	508.3537115111772
31.373853366710712	437.9211178070792
217.88599806873754	328.0725504231692

0.0	0.945392783468134	0.011880483243173923	0.2952463520863854	0.5122605669462742	0.7381528985666933	0.12267611112607357	0.7129622812327225	0.09069626830909971	0.011317642239777714	0.15169255575377627	0.4571503858539149	
0.945392783468134	0.0	0.5772154542064701	0.6799128790359372	0.4807220516095765	0.38330711938139594	0.2609751476274085	0.22414692595120544	0.6569145787345759	0.42006477933203445	0.7155888910389958	0.7943398902599943	
0.011880483243173923	0.5772154542064701	0.0	0.5921594926846778	0.27234840680129957	0.9330081397429254	0.4631485501681243	0.37304640616024076	0.17882123410178186	0.4668626508847613	0.6210930361111948	0.9395869157463985	
0.2952463520863854	0.6799128790359372	0.5921594926846778	0.0	0.17401612915170084	0.6921319975466754	0.5620919082335027	0.11825053951174658	0.9695457541599312	0.3996430577164055	0.6887302622687774	0.019247231883061544	
0.5122605669462742	0.4807220516095765	0.27234840680129957	0.17401612915170084	0.0	0.05907345463156988	0.7878824691145094	0.7492027935925424	0.45571639700812583	0.7507807609789701	0.8870112677866151	0.8203118880096746	
0.7381528985666933	0.38330711938139594	0.9330081397429254	0.6921319975466754	0.05907345463156988	0.0	0.020189718150253166	0.8730036680503354	0.8212924180784786	0.46298038408289355	0.6334870134807369	0.4136461926655446	
0.12267611112607357	0.2609751476274085	0.4631485501681243	0.5620919082335027	0.7878824691145094	0.020189718150253166	0.0	0.6717574108586126	0.6487539488788043	0.9725503305905524	0.5320796701838758	0.4539303534361778	
0.7129622812327225	0.22414692595120544	0.37304640616024076	0.11825053951174658	0.7492027935925424	0.8730036680503354	0.6717574108586126	0.0	0.16064595181664165	0.23660524426448415	0.6804488978201444	0.6228236912076617	
0.09069626830909971	0.6569145787345759	0.17882123410178186	0.9695457541599312	0.45571639700812583	0.8212924180784786	0.6487539488788043	0.16064595181664165	0.0	0.14093451412039892	0.4516591692960683	0.08519530295290645	
0.011317642239777714	0.42006477933203445	0.4668626508847613	0.3996430577164055	0.7507807609789701	0.46298038408289355	0.9725503305905524	0.23660524426448415	0.14093451412039892	0.0	0.6436727129104837	0.20033379425913878	
0.15169255575377627	0.7155888910389958	0.6210930361111948	0.6887302622687774	0.8870112677866151	0.6334870134807369	0.5320796701838758	0.6804488978201444	0.4516591692960683	0.6436727129104837	0.0	0.0708693677097757	
0.4571503858539149	0.7943398902599943	0.9395869157463985	0.019247231883061544	0.8203118880096746	0.4136461926655446	0.4539303534361778	0.6228236912076617	0.08519530295290645	0.20033379425913878	0.0708693677097757	0.0	

0.13529604808377815	0.5784935479736439	0.6949910825022151	0.6532662490140813	0.04599396800908084	0.27411599343101145	0.5871801205034315	0.5626847206662312	0.6825409867200247	
0.012622515927942723	0.2508105422238275	0.7796263363083881	0.9514252264269379	0.6692149255788382	0.055621200041867214	0.9836463923803471	0.6516716929398632	0.32168573969970127	
0.41428108896216287	0.8238443217172958	0.274859514610019	0.7339359381667152	0.2948152495230164	0.971147652721368	0.2792498302069958	0.344250762550558	0.9127838582653208	
0.213149750431604	0.7700616487214869	0.6378802550487706	0.5962870953134152	0.1297400906709112	0.9915657886582278	0.014917480451667409	0.6186263236136731	0.5723357899826992	
0.4165498900071929	0.6521617594109587	0.001459318504686724	0.5103434511480412	0.5048404191483262	0.40160016159920175	0.9055458804199301	0.8055510568941935	0.3949500637178459	
0.4683356681735883	0.24668733133028498	0.12846937146719717	0.8915521032330377	0.46723557424861895	0.6012215659090634	0.5402131325041988	0.11636588603175757	0.4702691320598331	
0.2984431751428197	0.22933243106453527	0.10117053161739153	0.825448910647515	0.8365754298975633	0.5150748457217672	0.4190466349493548	0.8534850784436567	0.40442967604337776	
0.506879534514221	0.6735785971240272	0.009708244897853047	0.3426445834784857	0.7444745830202548	0.2956333793617498	0.7365102601880085	0.8364059423284526	0.7337690539128424	
0.6334633947290605	0.02549919017564284	0.9958055523904736	0.5408020834107494	0.7642652375406853	0.6587590734558805	0.7505055194709316	0.5093309071156719	0.8039578017754557	
0.20505060489757432	0.6621316566034026	0.7272106881256755	0.7468265588771776	0.10948432377192097	0.8408285071757204	0.08253888614423843	0.027813742670125152	0.6341430803179041	
0.6416650205470958	0.6226074506016546	0.06761652246792038	0.9823259594248095	0.7120888871712258	0.4570263600948742	0.03438851431717438	0.6705309771887102	0.2633845241116243	
0.630952307459731	0.9357225008621861	0.09998937617118353	0.1470981800127621	0.2351767637252442	0.940725254241777	0.3235096173069453	0.43165065064512453	0.5168977235226221	

0.0	0.2035842601772586	0.6948668658236206	0.9083200929060714	0.6250089500088344	0.5141586881540464	0.1749085793305546	0.6997996911921384	0.5105870100979157	
0.2035842601772586	0.0	0.5500663636296493	0.4606791389461312	0.4857931907800511	0.49743112636783127	0.14813171329326869	0.6882954946546768	0.5199364247612803	
0.6948668658236206	0.5500663636296493	0.0	0.884153115797844	0.0848821149329676	0.7063328955772364	0.018391585285020495	0.856858437100066	0.9033672299039375	
0.9083200929060714	0.4606791389461312	0.884153115797844	0.0	0.9361211893941542	0.7288157193322643	0.47184366171310355	0.020020541180290508	0.30819811916937556	
0.6250089500088344	0.4857931907800511	0.0848821149329676	0.9361211893941542	0.0	0.9184164776141795	0.6626931740234747	0.43904453700893475	0.3691565971341313	
0.5141586881540464	0.49743112636783127	0.7063328955772364	0.7288157193322643	0.9184164776141795	0.0	0.21296484013356243	0.7669669240192762	0.08695228113290177	
0.1749085793305546	0.14813171329326869	0.018391585285020495	0.47184366171310355	0.6626931740234747	0.21296484013356243	0.0	0.9918412646892626	0.4028610012724728	
0.6997996911921384	0.6882954946546768	0.856858437100066	0.020020541180290508	0.43904453700893475	0.7669669240192762	0.9918412646892626	0.0	0.8920387607121865	
0.5105870100979157	0.5199364247612803	0.9033672299039375	0.30819811916937556	0.3691565971341313	0.08695228113290177	0.4028610012724728	0.8920387607121865	0.0	

475.8623809312778	570.2135476659548	131.1381226010014	76.2554762997929	
162.7444101586912	328.84745947546423	139.40920652037732	71.73127406430154	
307.1074569461346	96.17881924413905	134.3507772287813	74.43202195229094	
62.96829720958942	645.938740770131	94.2966521395912	106.04830365765892	
182.10494431996838	229.19777383487218	99.36001906612371	100.64410307072343	
500.95563287223933	327.77759828147276	102.54244797645086	97.52058973954402	
309.27296980727084	642.3231539611397	127.44683170033133	78.46409256774017	
170.71291499708332	515.6944633730288	114.18221950454422	87.57931001334249	
164.04970142167397	425.05087687332866	132.0681394701269	75.71848925956851	
325.35551240156224	413.35702807931455	102.21683837805742	97.83123953623154	
331.53329934445355	240.07333777816513	71.24863315463341	140.35356970703774	
298.2400745176961	562.9571813853723	126.55411820940351	79.01757873618496	

-1.0	-1.0	111.52799133944784	89.66358920213929	
-1.0	-1.0	112.93970036571237	88.54282389291626	
-1.0	-1.0	95.50768033218813	104.70362137598462	
-1.0	-1.0	103.40825510352681	96.70407831549362	
-1.0	-1.0	106.79711289958246	93.63549002867377	
-1.0	-1.0	101.2778038377354	98.73831798349156	
-1.0	-1.0	77.52619793967028	128.9886550064257	
-1.0	-1.0	137.9062403119069	72.51303477915636	
-1.0	-1.0	122.30300450780693	81.76414013902392	

558.9331302952817	570.2135476659548
196.95562599760768	328.84745947546423
307.1074569461346	43.729257301128655
62.96829720958942	633.3095565175865
223.7371879874095	229.19777383487218
603.4980808486902	234.94211335973478
436.71980150760214	572.6278949267751
170.71291499708332	448.6105968136172
164.04970142167397	416.6505085100086
410.10298330036994	413.35702807931455
401.97073710506817	240.07333777816513
424.7941927270996	508.94835495551655

0.0	0.9022634318941158	0.7021630683766801	0.38484528520056493	0.37438147646179787	0.7128131033024065	0.8510225905101514	0.21704134969565136	0.6768394600275918	0.6187988936780774	0.6696184660090214	0.015347555673561164	
0.9022634318941158	0.0	0.019316532996304314	0.25484850117769253	0.03134378134589921	0.5468885135025731	0.16291935302031013	0.29983846721465257	0.9225831842160462	0.618978172368581	0.28610222787900186	0.46859472158867965	
0.7021630683766801	0.019316532996304314	0.0	0.40559717900871395	0.18470037559431507	0.7594711556498174	0.11912423699636521	0.9634956296475817	0.8826801925417699	0.2685133793885893	0.2623694304830597	0.7316958129990873	
0.38484528520056493	0.25484850117769253	0.40559717900871395	0.0	0.053584081394062566	0.42340238061018254	0.17218033799727728	0.7068556431549458	0.511539534510092	0.8799110550819251	0.25296607290761897	0.525919980288788	
0.37438147646179787	0.03134378134589921	0.18470037559431507	0.053584081394062566	0.0	0.16646116831483804	0.10341092702567611	0.31973497018126007	0.8470872367567192	0.3988040481525126	0.5512529400420368	0.5433855862357141	
0.7128131033024065	0.5468885135025731	0.7594711556498174	0.42340238061018254	0.16646116831483804	0.0	0.6460156584025325	0.7467909837041069	0.029495621818967477	0.6303516998344885	0.25882662083142793	0.2663326605250095	
0.8510225905101514	0.16291935302031013	0.11912423699636521	0.17218033799727728	0.10341092702567611	0.6460156584025325	0.0	0.4561852669490195	0.6013277189369993	0.4365770765486763	0.0014463143221282726	0.2246936470782701	
0.21704134969565136	0.29983846721465257	0.9634956296475817	0.7068556431549458	0.31973497018126007	0.7467909837041069	0.4561852669490195	0.0	0.43037483787781794	0.4107138428878634	0.876006431775944	0.9905157973065072	
0.6768394600275918	0.9225831842160462	0.8826801925417699	0.511539534510092	0.8470872367567192	0.029495621818967477	0.6013277189369993	0.43037483787781794	0.0	0.8598312149147658	0.9586025006240189	0.48610902147603563	
0.6187988936780774	0.618978172368581	0.2685133793885893	0.8799110550819251	0.3988040481525126	0.6303516998344885	0.4365770765486763	0.4107138428878634	0.8598312149147658	0.0	0.5679957884300559	0.4298633888985358	
0.6696184660090214	0.28610222787900186	0.2623694304830597	0.25296607290761897	0.5512529400420368	0.25882662083142793	0.0014463143221282726	0.876006431775944	0.9586025006240189	0.5679957884300559	0.0	0.9595004675959445	
0.015347555673561164	0.46859472158867965	0.7316958129990873	0.525919980288788	0.5433855862357141	0.2663326605250095	0.2246936470782701	0.9905157973065072	0.48610902147603563	0.4298633888985358	0.9595004675959445	0.0	

0.29819768560435544	0.4769876588430556	0.21282395240244367	0.9132904840723624	0.9950616105342202	0.7171340514770488	0.309208311371337	0.4667347605907721	0.9668251723448266	
0.9885174297363292	0.986328172773177	0.3535110719724176	0.47004151970285946	0.8788364888645808	0.26981022200474314	0.6084061175641912	0.47198069123284303	0.8779874598532191	
0.9302699956867719	0.4721140358826049	0.7906393600529542	0.9416561528029733	0.39377467880418726	0.21201016338965617	0.3942860099370331	0.21677246080248047	0.01553091528918904	
0.9375050330039337	0.25742271545306594	0.6169680555055431	0.6122136639703033	0.6943109097405435	0.5186772054691648	0.04262358783754694	0.8251106188354264	0.6815235850302723	
0.9410221978618918	0.30278669392960733	0.9692636689531708	0.6512419723938907	0.8358513745739744	0.21518785347195668	0.513047279396681	0.4225191725902381	0.6798244445756054	
0.9357758968588986	0.2281314290538098	0.9697582152914729	0.6270263852973659	0.3006410780509525	0.3515339783975794	0.7302363934804221	0.998868861077923	0.850887888453627	
0.8094761760960798	0.6162622873809604	0.6202947516874656	0.2549660725096543	0.6670118714827	0.7145403295087035	0.5632291039030557	0.04316313125078386	0.4879092927517613	
0.8086368710930139	0.45685317924430013	0.9254068880061437	0.21602199643677344	0.6700137473288598	0.0291607635829938	0.4762221129912191	0.5223932691058426	0.5289142100935204	
0.955388647005745	0.639630775505795	0.30159634410836433	0.25845688320445803	0.4062963538479972	0.3319800963636985	0.14632039055937085	0.5836142492568913	0.9129025813360953	
0.4021287868627397	0.18096987499458295	0.061321429632651636	0.2941689702941882	0.34611640582440706	0.5930533035260546	0.6687823062991118	0.43025435238334986	0.46738647421028323	
0.5653945271197254	0.5841098239431555	0.6063457768411828	0.6238293227361701	0.08270792527287663	0.1467577197751695	7.050596756978944E-4	0.30935573096487035	0.2628365923915831	
0.04477119603270341	0.6454526161384367	0.5804078724132141	0.44596041967781086	0.4917047877603269	0.8497431880005862	0.25675937281645034	0.2643386039258726	0.528125008295036	

0.0	0.9011517158767701	0.31065935345541473	0.6109370917425774	0.2644733012025289	0.3137592263383545	0.8248269401591689	0.3383438715665916	0.12288830034527354	
0.9011517158767701	0.0	0.4990665871009715	0.9008487664471763	0.9355194949528921	0.3391466384180829	0.6315266819066598	0.7150841506950487	0.027593969344226643	
0.31065935345541473	0.4990665871009715	0.0	0.778196147534036	0.06410446730287467	0.6603933310641692	0.26073099995002347	0.10472344200032413	0.40503062779532795	
0.6109370917425774	0.9008487664471763	0.778196147534036	0.0	0.21313226210973846	0.3439935174707248	0.9566572311453724	0.3115878356504148	0.7917797624513481	
0.2644733012025289	0.9355194949528921	0.06410446730287467	0.21313226210973846	0.0	0.8119198897426941	0.8926442933942899	0.37160988407996653	0.8792888284834254	
0.3137592263383545	0.3391466384180829	0.6603933310641692	0.3439935174707248	0.8119198897426941	0.0	0.2817560445123922	0.1266391935393122	0.960869748750342	
0.8248269401591689	0.6315266819066598	0.26073099995002347	0.9566572311453724	0.8926442933942899	0.2817560445123922	0.0	0.6637203336246238	0.32099646069328025	
0.3383438715665916	0.7150841506950487	0.10472344200032413	0.3115878356504148	0.37160988407996653	0.1266391935393122	0.6637203336246238	0.0	0.7915006002443243	
0.12288830034527354	0.027593969344226643	0.40503062779532795	0.7917797624513481	0.8792888284834254	0.960869748750342	0.32099646069328025	0.7915006002443243	0.0	

52.212043095319956	369.1315442485624	135.2335861673879	73.94612746290935	
54.17454815815006	120.0623987457169	132.76947493214308	75.31851734075835	
189.8868256814709	508.33622770220904	119.2058378983215	83.88850895481862	
65.99117013931027	506.8436525610264	122.98589028223763	81.31014035066315	
498.2102786587227	417.1878720815963	89.58336970392185	111.62786165613741	
55.00243584602754	252.65156089018132	129.4495134770921	77.25019377357212	
200.1863877729003	156.87054185773638	76.82652189011637	130.1633830866745	
402.0178333596442	404.4988988558222	93.66591807887805	106.76241908587058	
282.1247968547888	289.7725867659819	135.67943498435702	73.70313711251036	
523.5065670363202	136.41615945860917	122.63022742404723	81.54596309620025	
424.1580001314843	295.1515270877974	72.53913505636326	137.85662032267066	
145.49301989094533	622.8087421229866	135.54169285117507	73.77803677706764	

-1.0	-1.0	118.30527601323818	84.52708397283156	
-1.0	-1.0	134.3461889229721	74.43456401828814	
-1.0	-1.0	89.9405807117051	111.18451672058833	
-1.0	-1.0	79.29805946222949	126.10649072393892	
-1.0	-1.0	99.63636848290844	100.36495862166427	
-1.0	-1.0	118.57160703432046	84.33722246090085	
-1.0	-1.0	105.3966695690601	94.87965835056677	
-1.0	-1.0	91.05288437985061	109.82628467081194	
-1.0	-1.0	104.35161012827251	95.82985818529933	

187.44562926270785	355.38093542026303
54.17454815815006	66.61928707817913
189.8868256814709	476.1776826641353
65.99117013931027	469.06743011916836
526.4473017143507	305.5600104254589
55.00243584602754	236.14107559170282
269.39889600143226	156.87054185773638
402.0178333596442	351.542554491736
282.1247968547888	223.21048143007937
580.2999549693579	136.41615945860917
496.6971351878476	239.60965985140422
281.0347127421204	579.9229682413853

0.0	0.13971182083385214	0.39385939398777836	0.6412210068073148	0.4032504861971201	0.9268475329473101	0.9052310780248324	0.8852240671497887	0.7968764735952777	0.9861054999687795	0.1162261124729389	0.8138467350203388	
0.13971182083385214	0.0	0.9523233179564434	0.17718860902239741	0.5013361147629108	0.07648100476083464	0.08602099555937126	0.8428351293995173	0.04029537815686657	0.9908716507389568	0.45689595365798696	0.19064409969281615	
0.39385939398777836	0.9523233179564434	0.0	0.9857549754761167	0.5911752135849321	0.5232515995898129	0.7543614412169964	0.6782159914876121	0.2578465148369061	0.5937685535738472	0.750961794460203	0.8871936875858634	
0.6412210068073148	0.17718860902239741	0.9857549754761167	0.0	0.7111919117516798	0.05595588620523406	0.3756348104437697	0.28664779712586674	0.7794060154906866	0.7818396041165669	0.03568445890424221	0.4895445229139419	
0.4032504861971201	0.5013361147629108	0.5911752135849321	0.7111919117516798	0.0	0.8548233267102047	0.253925611411855	0.04627122832136532	0.6441012451861193	0.0069240346980474765	0.6368587271103825	0.30604712178691085	
0.9268475329473101	0.07648100476083464	0.5232515995898129	0.05595588620523406	0.8548233267102047	0.0	0.6268763742447406	0.9218104037203425	0.8371987231656978	0.8050513282822164	0.6670497317242466	0.4798274775990162	
0.9052310780248324	0.08602099555937126	0.7543614412169964	0.3756348104437697	0.253925611411855	0.6268763742447406	0.0	0.010470900918709058	0.9205900889041705	0.3534469816285708	0.2586897660997144	0.5042808545192566	
0.8852240671497887	0.8428351293995173	0.6782159914876121	0.28664779712586674	0.04627122832136532	0.9218104037203425	0.010470900918709058	0.0	0.6364345993822087	0.49075420649349366	0.26735656186936096	0.7721703377697716	
0.7968764735952777	0.04029537815686657	0.2578465148369061	0.7794060154906866	0.6441012451861193	0.8371987231656978	0.9205900889041705	0.6364345993822087	0.0	0.9262710130432487	0.7010618499391255	0.9422348238913781	
0.9861054999687795	0.9908716507389568	0.5937685535738472	0.7818396041165669	0.0069240346980474765	0.8050513282822164	0.3534469816285708	0.49075420649349366	0.9262710130432487	0.0	0.870637011436553	0.029282218659932968	
0.1162261124729389	0.45689595365798696	0.750961794460203	0.03568445890424221	0.6368587271103825	0.6670497317242466	0.2586897660997144	0.26735656186936096	0.7010618499391255	0.870637011436553	0.0	0.21456316880970683	
0.8138467350203388	0.19064409969281615	0.8871936875858634	0.4895445229139419	0.30604712178691085	0.4798274775990162	0.5042808545192566	0.7721703377697716	0.9422348238913781	0.029282218659932968	0.21456316880970683	0.0	

0.7081999108907923	0.11073264258080917	0.4945311087076656	0.4498117400510844	0.511329750274252	0.1949356908821952	0.05655964888896314	0.6261348367080899	0.8277678907649407	
0.15705414526083272	0.9149742817905007	0.8204970258199511	0.5071998490798355	0.07154371513525459	0.15430708362034373	0.4646096547505757	0.7975469446240264	0.4030707166999512	
0.40911925450808817	0.8783318409569175	0.21803503923153023	0.1721512042619462	0.22962971578580926	0.107469258745719	0.23034841508713988	0.017881897112108303	0.19716545928187534	
0.03630447109826218	0.06959383489180682	0.15449757141462683	0.08719344329820633	0.3052850450524538	0.32043226645692835	0.19993489131280895	0.929452128839329	0.9988655377310643	
0.9536187699214473	0.9922780033332235	0.772708054372494	0.15932019069035186	0.5743239691276096	0.8039061214849139	0.3259209162592145	0.9294133178173383	0.5759931507503095	
0.8133593965213314	0.418108680149464	0.5301343039568728	0.7421317727837015	0.30138404356124104	0.395961476506579	0.33927550183020017	0.5932892861680602	0.8003130391102071	
0.16126120427182278	0.05245010030152275	0.43764578562007594	0.34488463188172713	0.5394219268082708	0.28021885539578906	0.6509887339596225	0.04779540022757278	0.06597283337037496	
0.9633138387341948	0.18550002721949843	0.45473046367103764	0.07956491485222272	0.6725180150413759	0.6866564044363951	0.5213085265238885	0.21808897653869608	0.2005802444912853	
0.8836788052630354	0.5983249346542505	0.02875086198404253	0.8506144436591281	0.1113494854710827	0.5118708637806281	0.4234581220417709	0.478753466972342	0.9196483229391711	
0.6813526789175309	0.13762929664865475	0.6583971412644127	0.7325422914797168	0.23113007030843813	0.18354525583995696	0.29921528295858224	0.42839539621823763	0.2204375827703925	
0.5286200166138889	0.6761361441086842	0.5318487981708292	0.44144896043468185	0.8744756964382652	0.10187159493713227	0.4306538376807124	0.7167894284635594	0.464464823860405	
0.4111000277462319	0.6608234365141357	0.26549586911676704	0.3052902706219277	0.015248903928904767	0.8396001998014719	0.5003707735858601	0.05263150361962832	0.5338888568967661	

0.0	0.5698706281348213	0.08119326500399049	0.9120714713678414	0.5743001123813892	0.06411488592733339	0.9363509032027896	0.4925136114386002	0.02130399359203372	
0.5698706281348213	0.0	0.7273508568800138	0.26818616942088613	0.1577263172802319	0.27306868524519756	0.08625352392382901	0.4365559138922178	0.5319157104200288	
0.08119326500399049	0.7273508568800138	0.0	0.1605951818342658	0.5510929015814823	0.8313225144124546	0.37962027810747423	0.7722010034820022	0.22005117358458914	
0.9120714713678414	0.26818616942088613	0.1605951818342658	0.0	0.20037579293840857	0.35120782264353145	0.2560455071062052	0.9105084158392752	0.7017006798234712	
0.5743001123813892	0.1577263172802319	0.5510929015814823	0.20037579293840857	0.0	0.5325312889716709	0.12612649560051803	0.01110915610162011	0.8082706103065399	
0.06411488592733339	0.27306868524519756	0.8313225144124546	0.35120782264353145	0.5325312889716709	0.0	0.4432654743133503	0.4089404086917131	0.8139521738629204	
0.9363509032027896	0.08625352392382901	0.37962027810747423	0.2560455071062052	0.12612649560051803	0.4432654743133503	0.0	0.9668557739846554	0.7384762146860643	
0.4925136114386002	0.4365559138922178	0.7722010034820022	0.9105084158392752	0.01110915610162011	0.4089404086917131	0.9668557739846554	0.0	0.40386374546165404	
0.02130399359203372	0.5319157104200288	0.22005117358458914	0.7017006798234712	0.8082706103065399	0.8139521738629204	0.7384762146860643	0.40386374546165404	0.0	

127.5428769061163	469.4255284175655	127.38058416823378	78.5048998267493	
151.74771571281093	256.8817427611129	72.50621131559667	137.91921848561572	
341.4111355265761	392.27005694798834	118.49176445707562	84.39405089306914	
300.80071431409834	207.74600859107835	132.54703978284374	75.44491386894295	
228.64637493072271	354.2366571229341	105.22335595856764	95.0359348350148	
171.73325069381943	625.850352479206	87.69791741376964	114.02779330344597	
261.6602536445204	567.6926479016595	75.88655780944545	131.77564365365535	
345.48589539341924	625.834073729108	95.96746454792674	104.20198186027869	
473.81410426801125	518.6898962021012	134.3876565506191	74.41159595065453	
524.7918873386076	295.5848740800264	73.1827517151241	136.64421965064454	
131.69199573800555	361.5569787303663	96.93071478759255	103.1664733094492	
306.04430518209944	109.67978290673716	134.6637999322841	74.25900654094505	

-1.0	-1.0	102.21518359834657	97.83282334349552	
-1.0	-1.0	141.22947275950153	70.80675021019809	
-1.0	-1.0	127.59289545158917	78.37426970057406	
-1.0	-1.0	136.9441853687696	73.02245051932317	
-1.0	-1.0	135.19906849196047	73.96500664939599	
-1.0	-1.0	131.74700651859902	75.90305286054661	
-1.0	-1.0	106.1178731315488	94.23483250181164	
-1.0	-1.0	133.49220469278444	74.91074121529228	
-1.0	-1.0	129.86943420345546	77.00041246298068	

177.23783426458164	390.92062859081614
158.4203966159583	118.96252427549712
392.22591643271494	392.27005694798834
395.57724188941745	207.74600859107835
232.84007039553134	259.2007222879193
171.73325069381943	568.1421252246562
277.0834400613899	435.9170042480042
380.1274614064719	521.6320918688293
539.033534259222	444.27830025144664
597.9746390537317	187.2749803129807
131.69199573800555	266.06577569581
306.04430518209944	53.24133719505551

0.0	0.09365651663181396	0.4856542108205889	0.5162718376956297	0.3960515775209036	0.1450774207460619	0.8345799807124239	0.1266139088744359	0.8249450741239726	0.08501116377803208	0.19423914462403047	0.8181673873070955	
0.09365651663181396	0.0	0.7683982058992019	0.3917488533477901	0.1876444233155875	0.476043760813848	0.2571887758787822	0.02184520219671815	0.6058532349739862	0.11774488114059756	0.057918488709781446	0.8549485540151309	
0.4856542108205889	0.7683982058992019	0.0	0.5850154725411016	0.3296155307620645	0.09432151559169621	0.8950707933176302	0.20053872976022702	0.24538078238817207	0.013620900977248995	0.45813435973131234	0.7822909433066183	
0.5162718376956297	0.3917488533477901	0.5850154725411016	0.0	0.3394812918992991	0.8743442441481587	0.42853850962872864	0.5262366886902039	0.35621533086363566	0.5068888808604017	0.47909615237274994	0.2337926773211112	
0.3960515775209036	0.1876444233155875	0.3296155307620645	0.3394812918992991	0.0	0.8540969434840718	0.32227358899144953	0.7982891966421796	0.6179177021912651	0.10929738724516991	0.09707796459683593	0.22484103360976881	
0.1450774207460619	0.476043760813848	0.09432151559169621	0.8743442441481587	0.8540969434840718	0.0	0.3055169632709779	0.770728024376196	0.8877304166254484	0.7274625786799466	0.28041966552918096	0.967955794606236	
0.8345799807124239	0.2571887758787822	0.8950707933176302	0.42853850962872864	0.32227358899144953	0.3055169632709779	0.0	0.25381709330975755	0.6452915007199254	0.13764831219597107	0.09086793223386402	0.25899910139372995	
0.1266139088744359	0.02184520219671815	0.20053872976022702	0.5262366886902039	0.7982891966421796	0.770728024376196	0.25381709330975755	0.0	0.08909418945820247	0.3630929548245455	0.07235934002116273	0.8968680356588945	
0.8249450741239726	0.6058532349739862	0.24538078238817207	0.35621533086363566	0.6179177021912651	0.8877304166254484	0.6452915007199254	0.08909418945820247	0.0	0.07421413091484341	0.6088559936684377	0.6276059236257243	
0.08501116377803208	0.11774488114059756	0.013620900977248995	0.5068888808604017	0.10929738724516991	0.7274625786799466	0.13764831219597107	0.3630929548245455	0.07421413091484341	0.0	0.5471011568356462	0.10093899878050994	
0.19423914462403047	0.057918488709781446	0.45813435973131234	0.47909615237274994	0.09707796459683593	0.28041966552918096	0.09086793223386402	0.07235934002116273	0.6088559936684377	0.5471011568356462	0.0	0.2930655183488726	
0.8181673873070955	0.8549485540151309	0.7822909433066183	0.2337926773211112	0.22484103360976881	0.967955794606236	0.25899910139372995	0.8968680356588945	0.6276059236257243	0.10093899878050994	0.2930655183488726	0.0	

0.77427624605914	0.5386326313448943	0.695425108135307	0.6278101938078822	0.2552042137508418	0.4586623478102221	0.4219979278551613	0.8385876023165313	0.7562612159047388	
0.14019840968954211	0.0012119450604607396	0.18185099576453057	0.6771385524153409	0.21210954853898245	0.8798517526839973	0.9062864423958453	0.9800431273899333	0.7491914989731966	
0.7889247056574277	0.02489214183295274	0.12639149768506897	0.9993257599725724	0.5590843760465514	0.8558373145228074	0.40326400296770226	0.8210845838332745	0.27559727734751616	
0.4463290423992464	0.46618743859026324	0.6371107930947538	0.9729567208358162	0.15600705408240012	0.02344772762274694	0.5650460082564706	0.49600530079339533	0.9859561680126476	
0.5920170103767177	0.40047613516041725	0.9874355011914374	0.2052471313109031	0.16631188773839378	0.29530874898716986	0.7007955438206159	0.4489864174734509	0.45838286772841164	
0.30019171256522903	0.48363543808197307	0.7401760795967925	0.09176773379674763	0.4210280215854294	0.32718620097672213	0.8222547608896567	0.761124070180905	0.4773372415478049	
0.8369728260179886	0.7800119159804082	0.905889438273545	0.844158990847509	0.3430192686689877	0.17363690018974998	0.8886003572577225	0.10938917836403639	0.6388120050310132	
0.8139852534989509	0.017133689703996424	0.7848857183005139	0.014946060140128226	0.8667148257925582	0.005017564784919104	0.47237443331010276	0.3363854017090072	0.1887647326206644	
0.625091114656035	0.3041327067254226	0.4015274200049548	0.6727199746686872	0.3791753779596633	0.053622419027341106	0.7167690585018152	0.9029259109990203	0.9800507399506125	
0.04269006266135189	0.12202973986022514	0.6117855928229988	0.3219186353751272	0.8596463813986672	0.4106944715494466	0.26549488861346937	0.4016585323800451	0.9464838529121704	
0.20169786530407863	0.605539357609923	0.34557358074319633	0.3136853823040462	0.8419780080461484	0.1255978149781617	0.29495159334249854	0.9975225940519258	0.04428650996737393	
0.27306769154770927	0.40865028396786773	0.3874382178208321	0.2983494460994266	0.6302476076392607	0.6520490679953561	0.2200513093891644	0.832631080628799	0.4522827559881857	

0.0	0.8615204250696359	0.049460557919695836	0.7172992149067687	0.7777808471566608	0.4814443680580939	0.9080393576527198	0.2787236233633579	0.939354611709482	
0.8615204250696359	0.0	0.8006045359746546	0.22753579956020764	0.8573683693333105	0.929285240295442	0.9038228324322519	0.96659269618815	0.04777330871191976	
0.049460557919695836	0.8006045359746546	0.0	0.5807462197808178	0.8619857105462072	0.1846693707639172	0.551240935636848	0.15262124184372827	0.8739300683179275	
0.7172992149067687	0.22753579956020764	0.5807462197808178	0.0	0.9272996241561193	0.46726467322007126	0.6776292690206802	0.6769734752085748	0.7794853423650117	
0.7777808471566608	0.8573683693333105	0.8619857105462072	0.9272996241561193	0.0	0.9773498527814142	0.4331964087106931	0.6404933578579187	0.3337861814759161	
0.4814443680580939	0.929285240295442	0.1846693707639172	0.46726467322007126	0.9773498527814142	0.0	0.2273073746558376	0.932105281522658	0.8862727083439749	
0.9080393576527198	0.9038228324322519	0.551240935636848	0.6776292690206802	0.4331964087106931	0.2273073746558376	0.0	0.9327453734981215	0.02273037099056585	
0.2787236233633579	0.96659269618815	0.15262124184372827	0.6769734752085748	0.6404933578579187	0.932105281522658	0.9327453734981215	0.0	0.9206075567008719	
0.939354611709482	0.04777330871191976	0.8739300683179275	0.7794853423650117	0.3337861814759161	0.8862727083439749	0.02273037099056585	0.9206075567008719	0.0	

21.839760165441803	347.6037155506916	78.8615054103024	126.80457909054331	
180.01060032596624	132.85925231462738	131.98265902604837	75.76752941480274	
117.1997739023688	462.4078016977961	136.4619558596481	73.28049738848135	
100.9991278480952	208.18369018233068	78.5382275688496	127.3265301439814	
146.65393373160498	615.1596535917413	91.62049649309193	109.14588310219413	
435.98225768818907	218.74622005338136	119.3240669400807	83.80539028242778	
255.4431681928598	637.4249928390022	140.8779750135617	70.98341666990419	
249.24461711048707	564.8879006791518	125.51268280296638	79.67322326858636	
2.5032906264930617	483.14903410517405	108.97377885522302	91.76519438942728	
446.833245265309	455.1348197885187	104.99128168625118	95.24600366231665	
335.97053433911486	328.08715778558934	97.98547808509124	102.05593926189688	
312.1644780950731	186.65239540400972	123.78646573837429	80.78427589277202	

-1.0	-1.0	129.9145818885736	76.9736534161877	
-1.0	-1.0	133.31308244579577	75.0113928546055	
-1.0	-1.0	116.38107328499882	85.92462432024135	
-1.0	-1.0	136.90129262061902	73.04532929219309	
-1.0	-1.0	118.36592375474775	84.48377440723426	
-1.0	-1.0	89.22936833988864	112.07072498718621	
-1.0	-1.0	104.51362677379645	95.681303086376	
-1.0	-1.0	133.83046823591502	74.72140037926266	
-1.0	-1.0	81.64592054723089	122.48009371411467	

91.2911238266703	220.7991364601483
258.8602174189714	132.85925231462738
117.1997739023688	462.14962821629797
179.53735541694482	105.74137097556888
198.73035844425272	506.0137704895471
440.4698611079259	218.74622005338136
291.42495248724157	637.4249928390022
374.75729991345344	544.2247646487783
38.351018653625125	391.3838397157468
463.7346248132239	359.8888161262021
423.1570061685476	328.08715778558934
312.1644780950731	140.5349363919903

0.0	0.6015961473325351	0.08718624881501447	0.654175158680831	0.07377134049907252	0.5662908036355097	0.21006985548172818	0.7396531361540943	0.22290325637750197	0.16150459467675526	0.8893108734404808	0.5013699510119507	
0.6015961473325351	0.0	0.4558427726927513	0.05429309234830426	0.06424392285039338	0.03408112465276136	0.21624455721729618	0.41920002739093165	0.0206057960159165	0.8643498535926021	0.9539322846053667	0.63559674055787	
0.08718624881501447	0.4558427726927513	0.0	0.6787867762184102	0.1009822567660218	0.05321582258298185	0.21770977268860703	0.1216732692824467	0.781641262633629	0.06735461784576036	0.7520550127299486	0.04144632055581787	
0.654175158680831	0.05429309234830426	0.6787867762184102	0.0	0.4803496444047347	0.42982680957856667	0.8628851629427231	0.8960234169327516	0.0991973117188667	0.5920393279422173	0.686797703595149	0.17542560594247014	
0.07377134049907252	0.06424392285039338	0.1009822567660218	0.4803496444047347	0.0	0.651885813041576	0.07339389811300956	0.7203169037566263	0.049016485678227584	0.07920660136826685	0.6556079931982646	0.16015042763423748	
0.5662908036355097	0.03408112465276136	0.05321582258298185	0.42982680957856667	0.651885813041576	0.0	0.6356608796791717	0.42355245662428176	0.6423869535898684	0.5217647321276214	0.8374775338501275	0.024726214327996154	
0.21006985548172818	0.21624455721729618	0.21770977268860703	0.8628851629427231	0.07339389811300956	0.6356608796791717	0.0	0.0337821053569034	0.3814710517676213	0.5278873728649061	0.8261012857642772	0.8869670258999415	
0.7396531361540943	0.41920002739093165	0.1216732692824467	0.8960234169327516	0.7203169037566263	0.42355245662428176	0.0337821053569034	0.0	0.47309354176398455	0.37917626127059734	0.4458648786893745	0.8721000128139486	
0.22290325637750197	0.0206057960159165	0.781641262633629	0.0991973117188667	0.049016485678227584	0.6423869535898684	0.3814710517676213	0.47309354176398455	0.0	0.8986888381992084	0.8580512282841398	0.46592295610420686	
0.16150459467675526	0.8643498535926021	0.06735461784576036	0.5920393279422173	0.07920660136826685	0.5217647321276214	0.5278873728649061	0.37917626127059734	0.8986888381992084	0.0	0.05391567010841358	0.8724525205502213	
0.8893108734404808	0.9539322846053667	0.7520550127299486	0.686797703595149	0.6556079931982646	0.8374775338501275	0.8261012857642772	0.4458648786893745	0.8580512282841398	0.05391567010841358	0.0	0.7869216601270397	
0.5013699510119507	0.63559674055787	0.04144632055581787	0.17542560594247014	0.16015042763423748	0.024726214327996154	0.8869670258999415	0.8721000128139486	0.46592295610420686	0.8724525205502213	0.7869216601270397	0.0	

0.6754476061469803	0.49598268173947113	0.05253055288029962	0.07476604831933698	0.9497179455091582	0.6606159667144118	0.5909624765045812	0.8818632341157919	0.6230622018188036	
0.39995737129261066	0.41983267569575344	0.46386723787327544	0.7924195354005653	0.2974031143952304	0.6534173508848538	0.3489084785537432	0.6157071786421902	0.034993091925954234	
0.4297346454931975	0.8975646209612415	0.5802064673392093	0.0790615967715963	0.10789145318543714	0.6703148018415955	0.7055081949234819	0.9678143320858247	0.5978207287828251	
0.614403150249871	0.4724306805595577	0.31475318360880944	0.42485595990054714	0.5927253726891449	0.24295466285686906	0.3733163075265825	0.4333487648244262	0.9619217799797533	
0.8161039462695129	0.8957965855440903	0.741542316883804	0.7476815353293904	0.5508318289303661	0.06354611531326193	0.6741717481433958	0.46233197401957815	0.17935750872083345	
0.46567027298796027	0.9197702628253464	0.7631082485665588	0.03302835557970407	0.45986023223324646	0.08641752597184149	0.9590679827190001	0.9076678313689882	0.7617073524737492	
0.1626745980382528	0.8404367687090141	0.20650058290216822	0.7777895387573214	0.12970802132614012	0.42623975770749245	0.3161298374133731	0.023013474841954373	0.11611228994220035	
0.004395805024840049	0.3946748615839618	0.9441430981192129	0.038699500465714465	0.27302012256981556	0.8810585459957959	0.6091393345167542	0.6305309143111365	0.48250240988549764	
0.07056902409441435	0.015881849302210815	0.12172461744154939	0.22499718030408367	0.04420076901964243	0.22403851819456422	0.6090798970130221	0.9212837353777968	0.08791451196048483	
0.12029380858043359	0.32731792584256836	0.11452325511808992	0.49283777731820877	0.389842627280388	0.6177454435497143	0.3962610303082942	0.28856001010804355	0.18600149881907735	
0.37940586611987237	0.1620918188564482	0.029060459573583497	0.06498408221456242	0.18329094150001246	0.42272719564487105	0.22443823274324903	0.9843334023468838	0.03194256841967691	
0.5807733643380877	0.3914980093744318	0.55119879379597	0.9547835518105807	0.4243489072411528	0.9823769427285064	0.25059028326503896	0.24377274007526606	0.5857416833472378	

0.0	0.08393913199606051	0.15448860267441877	0.366624780350719	0.350035349737421	0.9047378248284484	0.3245027914242866	0.14092163821730963	0.9860233667265972	
0.08393913199606051	0.0	0.512230651831988	0.8112473938263283	0.6410567630397302	0.35216161066273366	0.024789951806037824	0.123594970331249	0.6319916715694566	
0.15448860267441877	0.512230651831988	0.0	0.4062818652343213	0.41343199984091594	0.04735982912980574	0.5214816569502256	0.3088829445644571	0.29270529908154574	
0.366624780350719	0.8112473938263283	0.4062818652343213	0.0	0.500381091917711	0.19249864418899298	0.13265865337267224	0.6433936996325431	0.23166524674516664	
0.350035349737421	0.6410567630397302	0.41343199984091594	0.500381091917711	0.0	0.9001100907464459	0.317070714235305	0.41429098682779997	0.8875607382475509	
0.9047378248284484	0.35216161066273366	0.04735982912980574	0.19249864418899298	0.9001100907464459	0.0	0.6264141976647102	0.6585004249563239	0.5294150614692436	
0.3245027914242866	0.024789951806037824	0.5214816569502256	0.13265865337267224	0.317070714235305	0.6264141976647102	0.0	0.49695422704052195	0.3804846577755002	
0.14092163821730963	0.123594970331249	0.3088829445644571	0.6433936996325431	0.41429098682779997	0.6585004249563239	0.49695422704052195	0.0	0.6758079156978337	
0.9860233667265972	0.6319916715694566	0.29270529908154574	0.23166524674516664	0.8875607382475509	0.5294150614692436	0.3804846577755002	0.6758079156978337	0.0	

472.0936130045409	355.09911995409914	100.37536666619258	99.62603706600555	
228.33442564954424	347.26153695352866	115.92660102021243	86.26147848720628	
249.63246963435682	619.6980490942141	90.32085441512797	110.71640170761145	
60.767541837268936	150.01751948096899	101.84594453723005	98.18751296812289	
351.5019721933737	467.193012818215	106.10045487738178	94.25030280555163	
349.61538274776746	592.4553293835974	114.99727976384546	86.95857867712752	
69.95619885627933	473.87353975269275	131.12181875648153	76.26495799735608	
85.98097139612352	605.9297188595722	111.31023042652002	89.83900187504659	
255.38399774677816	473.7407057190155	86.50644022975231	115.59832971326777	
357.3083922606659	367.6033255000364	97.63467157009862	102.42263162446667	
460.1278758880343	473.8403346028733	110.79647872201728	90.25557594740434	
355.3540548622376	144.27887554424308	111.49219297081903	89.69237875352681	

-1.0	-1.0	79.07251429263798	126.4661948523755	
-1.0	-1.0	78.77091363454343	126.95041276777444	
-1.0	-1.0	119.2239232031798	83.87578374650644	
-1.0	-1.0	119.95223498326604	83.36651669220713	
-1.0	-1.0	75.17016584173813	133.03150110183094	
-1.0	-1.0	75.6788830827086	132.137256691158	
-1.0	-1.0	92.30659715561161	108.33461863123256	
-1.0	-1.0	114.22561501303569	87.54603771543516	
-1.0	-1.0	76.94514436246962	129.96271672313023	

562.4963517457245	255.4730828880936
315.3729724063672	261.0000584663224
327.31933265235	508.98164738660256
162.613486374499	137.78968041619305
360.6620004227894	372.9427100126634
349.61538274776746	557.2520488111262
108.96707842432428	473.87353975269275
197.29120182264353	559.678063225707
255.38399774677816	413.8537842205793
454.9430638307646	286.40541655833454
532.0214231290865	473.8403346028733
403.72468070236096	144.27887554424308

0.0	0.8168855590199957	0.5649160655436952	0.6293940064373237	0.8687660946546446	0.6896672246268102	0.64587717029219	0.08665274141206625	0.662857183982315	0.27311244976338456	0.4358140212342868	0.6738592658948814	
0.8168855590199957	0.0	0.9779735280433772	0.23536029660633462	0.4808396487891793	0.8590124643055325	0.0766350818421132	0.8274544100605533	0.4313600089493945	0.24070910395579825	0.6558115930223372	0.09442902915760265	
0.5649160655436952	0.9779735280433772	0.0	0.6038998204476138	0.7979375650257168	0.3640976555381462	0.26770219814437646	0.32812782460024137	0.27432758551250636	0.9190090090614218	0.473350722583166	0.8925609515263133	
0.6293940064373237	0.23536029660633462	0.6038998204476138	0.0	0.7021658272265655	0.31988111382740314	0.8820564673144847	0.6151914603014279	0.87066793494042	0.6289505046898249	0.9823346104243061	0.39530821394970983	
0.8687660946546446	0.4808396487891793	0.7979375650257168	0.7021658272265655	0.0	0.8481663768195765	0.24530264009132896	0.7072440745015374	0.43175723754996764	0.7796643464013533	0.6669151362438154	0.4717816516515211	
0.6896672246268102	0.8590124643055325	0.3640976555381462	0.31988111382740314	0.8481663768195765	0.0	0.5872528374232329	0.7400165343826336	0.7773744481956704	0.5467325844643844	0.7738709893690142	0.23323585664966162	
0.64587717029219	0.0766350818421132	0.26770219814437646	0.8820564673144847	0.24530264009132896	0.5872528374232329	0.0	0.5644815399538216	0.11053139438830684	0.1068334127788737	0.4536595626864033	0.2490902279511572	
0.08665274141206625	0.8274544100605533	0.32812782460024137	0.6151914603014279	0.7072440745015374	0.7400165343826336	0.5644815399538216	0.0	0.7856013220972384	0.012970049428036812	0.5578077247425082	0.9055634233462782	
0.662857183982315	0.4313600089493945	0.27432758551250636	0.87066793494042	0.43175723754996764	0.7773744481956704	0.11053139438830684	0.7856013220972384	0.0	0.11967688045863001	0.12581365750699824	0.3119199246410762	
0.27311244976338456	0.24070910395579825	0.9190090090614218	0.6289505046898249	0.7796643464013533	0.5467325844643844	0.1068334127788737	0.012970049428036812	0.11967688045863001	0.0	0.958990701603929	0.9063979929540787	
0.4358140212342868	0.6558115930223372	0.473350722583166	0.9823346104243061	0.6669151362438154	0.7738709893690142	0.4536595626864033	0.5578077247425082	0.12581365750699824	0.958990701603929	0.0	0.6297083278952078	
0.6738592658948814	0.09442902915760265	0.8925609515263133	0.39530821394970983	0.4717816516515211	0.23323585664966162	0.2490902279511572	0.9055634233462782	0.3119199246410762	0.9063979929540787	0.6297083278952078	0.0	

0.27823231667250103	0.3985885439587976	0.8640456184461442	0.9460099005744373	0.5391918408681016	0.18552727640867184	0.6716156622785062	0.09067315498915496	0.04741462888784187	
0.6155462632347042	0.7053397751342495	0.8250148099304925	0.41126083574144623	0.9982048754755082	0.15567973885650566	0.12556107427583196	0.24013602116679433	0.2707195621905363	
0.30785528937411244	0.3094383396544035	0.9501349614207758	0.47657968768527215	0.9907438311123191	0.789457719188849	0.0021703200844266357	0.8156938859770405	0.15414177407135732	
0.913135488284329	0.8288419877153106	0.18858250791938136	0.07917887450912053	0.15435655046859542	0.5549359213109184	0.7635774006081744	0.9034345456688646	0.9859583189811073	
0.3713245559354573	0.8586857296485051	0.7253131864267895	0.4773333807747363	0.08317298140427898	0.34871938553279724	0.5414929908070047	0.03321865434759219	0.9207385055046305	
0.8834872405876062	0.6667710742492928	0.7181598638297404	0.17468357767261555	0.4342926525725479	0.08738483324292357	0.2957100934813376	0.5977051114835553	0.07367389011819248	
0.406898044875842	0.45224156854037934	0.8004161564790125	0.4372707625843143	0.6579974360687496	0.6723200937480343	0.06179810820792353	0.016895465611602933	0.27405352904092395	
0.8859120380983388	0.07317544507576212	0.29033163449485455	0.9410574270054956	0.3172637426569046	0.13954670579111117	0.7060805953495982	0.8835526783035232	0.9311140887747633	
0.2732390504834611	0.7102186384409405	0.3774398041642637	0.49397044661319855	0.432236182497984	0.3277258802545273	0.928038110837731	0.5464995919476836	0.879162181272035	
0.29209043238645616	0.6035479069090771	0.5176544839261622	0.2667869542676967	0.35468935175037686	0.4720634395565393	0.8019788227137936	0.5920514251865612	0.19939086491781954	
0.9545454464658497	0.8686011480365213	0.6029935181269966	0.338019535615232	0.1766690787214058	0.373750983701977	0.5915891600359807	0.46877007692929284	0.07922174994381692	
0.8081993016819808	0.7604045358503873	0.042351494817937096	0.12973228922925928	0.42684671176856526	0.5120896574474451	0.19958828136173867	0.967271658283101	0.07975180719446373	

0.0	0.8194009449349704	0.20787220459868894	0.09221418364231004	0.8768681365294199	0.14753307803490745	0.9397711796406678	0.5260950038248766	0.8708235004506883	
0.8194009449349704	0.0	0.9953799336728567	0.979204117618933	0.4918819839024897	0.403630182266157	0.7060586153327392	0.2942208148507657	0.24782054207948323	
0.20787220459868894	0.9953799336728567	0.0	0.7959411624298871	0.420803399743196	0.841797161878917	0.9833491999200225	0.8734718661233096	0.8517492393017201	
0.09221418364231004	0.979204117618933	0.7959411624298871	0.0	0.6790241924035701	0.5768556772318352	0.7465783486354394	0.17061879796618773	0.054699655119305746	
0.8768681365294199	0.4918819839024897	0.420803399743196	0.6790241924035701	0.0	0.20729388056012965	0.8527675688476757	0.8378255708688965	0.2700759650904677	
0.14753307803490745	0.403630182266157	0.841797161878917	0.5768556772318352	0.20729388056012965	0.0	0.6043511223434673	0.3855118376412563	0.9215308061972799	
0.9397711796406678	0.7060586153327392	0.9833491999200225	0.7465783486354394	0.8527675688476757	0.6043511223434673	0.0	0.0872189203301249	0.15558151573182843	
0.5260950038248766	0.2942208148507657	0.8734718661233096	0.17061879796618773	0.8378255708688965	0.3855118376412563	0.0872189203301249	0.0	0.05601874295638587	
0.8708235004506883	0.24782054207948323	0.8517492393017201	0.054699655119305746	0.2700759650904677	0.9215308061972799	0.15558151573182843	0.05601874295638587	0.0	

76.50107494753892	569.2154123503374	85.56878350117027	116.86504810324008	
0.8874972988074106	105.4655537008689	114.3123475518735	87.47961365645234	
355.2878251895051	272.42094332290526	104.39198996852114	95.7927902611632	
245.10305405304985	147.90952862496556	91.65584043353985	109.10379472490959	
471.49571058904166	131.10166901976606	131.89536028104735	75.81767833752183	
359.6869435257618	138.8780737585031	107.34766024923914	93.15526744394857	
117.99417805691971	257.0899138500752	92.73847471728325	107.8301107548445	
474.3088395921524	254.22956729038577	99.36038552298982	100.64373187930333	
339.29214540086826	546.4406328112289	130.2726347467846	76.76209220330381	
486.9215486726861	370.05427788087314	140.09647232362056	71.3793847492474	
362.36611196301	468.32147292392074	95.79833918827215	104.3859432713863	
479.13534368200163	564.3818029221363	125.52935354724404	79.66264238138066	

-1.0	-1.0	82.59679612949196	121.0700713417794	
-1.0	-1.0	134.3205424992636	74.4487761434914	
-1.0	-1.0	109.96282043353166	90.939828212615	
-1.0	-1.0	131.60681582310966	75.9839065891604	
-1.0	-1.0	116.64461950660701	85.73048668938885	
-1.0	-1.0	124.20540965160788	80.51179113735604	
-1.0	-1.0	140.38236111647186	71.23402057401813	
-1.0	-1.0	115.75490910894264	86.3894246643873	
-1.0	-1.0	110.89867233800597	90.1724050358438	

76.50107494753892	554.9585717775382
0.8874972988074106	90.56287091883405
355.2878251895051	197.19171445917806
277.80457241880197	147.90952862496556
594.2766837909992	131.10166901976606
398.44327921437633	45.72280631455453
179.60179030628677	149.25980309523072
573.6692251151422	208.37962211488525
469.56478014765287	522.4976449120802
495.1611744071538	370.05427788087314
362.36611196301	440.9279243629998
604.6646972292457	511.5460233499568

0.0	0.8925431905502453	0.888775268107414	0.7667149929640457	0.3256103468644307	0.5757334021236934	0.24658942575797782	0.9753537933451962	0.3879706166492225	0.8457536603179181	0.33341183376796646	0.6452192669676441	
0.8925431905502453	0.0	0.3277789152136703	0.5811227981852893	0.3498476101251128	0.18407335269220793	0.08692482996321527	0.6280181671458349	0.7835728329195618	0.15916531317088733	0.8576212299558468	0.496192691926843	
0.888775268107414	0.3277789152136703	0.0	0.029036731143917915	0.19670880248190636	0.19235466983771232	0.3539389410290684	0.8461613247504005	0.06680569559886618	0.7833734507675398	0.21144422330929236	0.604203798650487	
0.7667149929640457	0.5811227981852893	0.029036731143917915	0.0	0.5152668889904426	0.9872445927000485	0.8070805498712822	0.9307290013116044	0.13223714233703732	0.8276513251343163	0.14354590123909294	0.16645481673995044	
0.3256103468644307	0.3498476101251128	0.19670880248190636	0.5152668889904426	0.0	0.40452481728611034	0.7658592745012823	0.0866646250134262	0.9172200251537976	0.7335488610080876	0.5273370320675075	0.6065802900992889	
0.5757334021236934	0.18407335269220793	0.19235466983771232	0.9872445927000485	0.40452481728611034	0.0	0.35248299741669453	0.3639900186318087	0.19403219249614545	0.6410672839233995	0.028964424516825238	0.08160657028341733	
0.24658942575797782	0.08692482996321527	0.3539389410290684	0.8070805498712822	0.7658592745012823	0.35248299741669453	0.0	0.8218215318400227	0.4855950228229483	0.09039466832887055	0.04482972028446097	0.2820678258928675	
0.9753537933451962	0.6280181671458349	0.8461613247504005	0.9307290013116044	0.0866646250134262	0.3639900186318087	0.8218215318400227	0.0	0.6374538793059743	0.6629314061910568	0.84708269433556	0.48398834929653844	
0.3879706166492225	0.7835728329195618	0.06680569559886618	0.13223714233703732	0.9172200251537976	0.19403219249614545	0.4855950228229483	0.6374538793059743	0.0	0.8655302938112921	0.8960427672865825	0.4647613991826508	
0.8457536603179181	0.15916531317088733	0.7833734507675398	0.8276513251343163	0.7335488610080876	0.6410672839233995	0.09039466832887055	0.6629314061910568	0.8655302938112921	0.0	0.5177604789000424	0.5170245980510608	
0.33341183376796646	0.8576212299558468	0.21144422330929236	0.14354590123909294	0.5273370320675075	0.028964424516825238	0.04482972028446097	0.84708269433556	0.8960427672865825	0.5177604789000424	0.0	0.38545278100537184	
0.6452192669676441	0.496192691926843	0.604203798650487	0.16645481673995044	0.6065802900992889	0.08160657028341733	0.2820678258928675	0.48398834929653844	0.4647613991826508	0.5170245980510608	0.38545278100537184	0.0	

0.5423772205986368	0.6164179249958773	0.7695851710012594	0.7721043362431844	0.46117689345566015	0.3763553236474366	0.9506717356638803	0.1405751195339685	0.5039520815635311	
0.5800865553751376	0.45211333699135703	0.4951158772808193	0.7481508783791491	0.44555303461698637	0.15426811519554473	0.8001446903633798	0.011360392020183241	0.7529607441534859	
0.01093742917692675	0.8068971034194727	0.3372752555211277	0.38833353876927657	0.5569470971536409	0.194676469100719	0.36520050242412294	0.5063265703253377	0.743186798294026	
0.3886913516281727	0.8041888468775991	0.5434090946417407	0.0062431068619519525	0.5692810239448293	0.9565448380880858	0.7939716499887637	0.5315185062210703	0.3219004256490876	
0.8653114867377844	0.899607775504692	0.1267375174205777	0.9680562747955674	0.19648744473817403	0.3957660787808044	0.9869978271934112	0.8644563306659141	0.40910638797275156	
0.41016326877685694	0.9030331704619596	0.8609538334226352	0.11494162623449367	0.7137944269850285	0.14111188326795476	0.6674400177506964	0.7844836737166141	0.5880720148469452	
0.3060026987940593	0.09565750812404683	0.11696952382055015	0.3905704005853454	0.9876980780689143	0.013977619806160635	0.4596263296207771	0.27704813814733764	0.8880920188012033	
0.38150541012827544	0.6349246853282743	0.2688651743177657	0.42556807269908525	0.912445975748124	0.41451947795913824	0.7426080575627444	0.523460349297237	0.7624865364752916	
0.6646887957001277	0.4626808833342505	0.4026089454959919	0.12601833442699362	0.8804649663722025	0.4778155642960408	0.7187378341288577	0.7863435423020184	0.42428386312431854	
0.558900123068151	0.31214268929922806	0.4705818338672403	0.28986168824027514	0.3682187699863928	0.17018210287202784	0.32681254001451276	0.6231413674207037	0.2191433089938285	
0.9423251887194414	0.9630575802686354	0.5495334710115025	0.1105103763035552	0.4930150033815295	0.26603151161252736	0.08030907637754026	0.7013645149019578	0.529365957735153	
0.652155019205684	8.854486638244508E-4	0.029442184525713233	0.29872074367901524	0.4941482834074715	0.6798773272493073	0.07071748492091112	0.715350085581667	0.21359149052426885	

0.0	0.6875252739730104	0.046086803599487136	0.9331595227395575	0.9019057994907258	0.11922292219346375	0.4614432465751668	0.6418084731074227	0.7421464396842578	
0.6875252739730104	0.0	0.5420119965077895	0.41713179362623454	0.26376816084335397	0.21726155711238104	0.6202155525702743	0.16040610617826945	0.2739370737396897	
0.046086803599487136	0.5420119965077895	0.0	0.9419707637251914	0.8971869790267226	0.40199358080318326	0.0676604665802315	0.7430103300316847	0.3503474679037778	
0.9331595227395575	0.41713179362623454	0.9419707637251914	0.0	0.2834880827748517	0.34925706539429824	0.6141239918316428	0.279938165790769	0.816927433277842	
0.9019057994907258	0.26376816084335397	0.8971869790267226	0.2834880827748517	0.0	0.6487737988209864	0.25152910340270684	0.9534644419896852	0.00356700882383032	
0.11922292219346375	0.21726155711238104	0.40199358080318326	0.34925706539429824	0.6487737988209864	0.0	0.5616615907436807	0.424713508004127	0.05192801560181537	
0.4614432465751668	0.6202155525702743	0.0676604665802315	0.6141239918316428	0.25152910340270684	0.5616615907436807	0.0	0.7310831220070441	0.6775822618759655	
0.6418084731074227	0.16040610617826945	0.7430103300316847	0.279938165790769	0.9534644419896852	0.424713508004127	0.7310831220070441	0.0	0.4921849132556927	
0.7421464396842578	0.2739370737396897	0.3503474679037778	0.816927433277842	0.00356700882383032	0.05192801560181537	0.6775822618759655	0.4921849132556927	0.0	

